1 120.5852844 31.1358067 0 355.29 21269679.8832536 3448541.75816048 4 0 0 0 
1 120.5852844 31.1358073 0 355.28 21269679.8847047 3448541.82471126 4 0 0 0 
1 120.5852843 31.1358081 0 355.27 21269679.8770987 3448541.91365366 4 0 0 0 
1 120.5852842 31.1358089 0 355.25 21269679.8694927 3448542.00259606 4 0 0 0 
1 120.5852841 31.1358096 0 355.24 21269679.8616449 3448542.08044667 4 0 0 0 
1 120.585284 31.1358104 0 355.24 21269679.8540389 3448542.16938907 4 0 0 0 
1 120.585284 31.1358111 0 355.23 21269679.8557318 3448542.24703165 4 0 0 0 
1 120.5852839 31.135812 0 355.22 21269679.8483677 3448542.34706584 4 0 0 0 
1 120.5852838 31.1358127 0 355.23 21269679.8405198 3448542.42491645 4 0 0 0 
1 120.5852837 31.1358135 0 355.24 21269679.8329138 3448542.51385886 4 0 0 0 
1 120.5852837 31.1358143 0 355.26 21269679.8348487 3448542.60259322 4 0 0 0 
1 120.5852836 31.1358151 0 355.29 21269679.8272427 3448542.69153563 4 0 0 0 
1 120.5852835 31.1358158 0 355.31 21269679.8193948 3448542.76938623 4 0 0 0 
1 120.5852835 31.1358166 0 355.32 21269679.8213296 3448542.8581206 4 0 0 0 
1 120.5852834 31.1358173 0 355.34 21269679.8134818 3448542.93597121 4 0 0 0 
1 120.5852833 31.1358181 0 355.35 21269679.8058758 3448543.02491361 4 0 0 0 
1 120.5852832 31.1358189 0 355.36 21269679.7982698 3448543.11385602 4 0 0 0 
1 120.5852831 31.1358198 0 355.36 21269679.7909056 3448543.21389021 4 0 0 0 
1 120.585283 31.1358207 0 355.37 21269679.7835415 3448543.31392441 4 0 0 0 
1 120.5852829 31.1358218 0 355.37 21269679.7766611 3448543.43614221 4 0 0 0 
1 120.5852828 31.1358228 0 355.37 21269679.7695388 3448543.5472682 4 0 0 0 
1 120.5852827 31.1358239 0 355.37 21269679.7626583 3448543.66948599 4 0 0 0 
1 120.5852826 31.135825 0 355.37 21269679.7557779 3448543.79170378 4 0 0 0 
1 120.5852825 31.1358262 0 355.35 21269679.7491393 3448543.92501337 4 0 0 0 
1 120.5852824 31.1358274 0 355.34 21269679.7425007 3448544.05832296 4 0 0 0 
1 120.5852823 31.1358284 0 355.34 21269679.7353784 3448544.16944896 4 0 0 0 
1 120.5852821 31.13583 0 355.33 21269679.7201664 3448544.34733376 4 0 0 0 
1 120.585282 31.1358314 0 355.32 21269679.7140116 3448544.50282694 4 0 0 0 
1 120.5852819 31.1358328 0 355.32 21269679.7078567 3448544.65832012 4 0 0 0 
1 120.5852818 31.1358342 0 355.33 21269679.7017018 3448544.8138133 4 0 0 0 
1 120.5852817 31.1358357 0 355.32 21269679.6957888 3448544.98039828 4 0 0 0 
1 120.5852816 31.1358374 0 355.32 21269679.6903595 3448545.16916685 4 0 0 0 
1 120.5852814 31.135839 0 355.32 21269679.6751475 3448545.34705165 4 0 0 0 
1 120.5852813 31.1358404 0 355.31 21269679.6689926 3448545.50254483 4 0 0 0 
1 120.5852811 31.1358424 0 355.31 21269679.6547481 3448545.72479683 4 0 0 0 
1 120.5852809 31.1358442 0 355.3 21269679.6400198 3448545.92486523 4 0 0 0 
1 120.5852807 31.135846 0 355.3 21269679.6252915 3448546.12493363 4 0 0 0 
1 120.5852806 31.135848 0 355.3 21269679.6205878 3448546.34697758 4 0 0 0 
1 120.5852804 31.1358499 0 355.3 21269679.6061014 3448546.55813778 4 0 0 0 
1 120.5852802 31.1358518 0 355.3 21269679.5916149 3448546.76929798 4 0 0 0 
1 120.58528 31.1358538 0 355.29 21269679.5773704 3448546.99154997 4 0 0 0 
1 120.5852798 31.1358554 0 355.3 21269679.5621584 3448547.16943478 4 0 0 0 
1 120.5852796 31.1358577 0 355.31 21269679.5486394 3448547.42496216 4 0 0 0 
1 120.5852794 31.1358599 0 355.3 21269679.5348785 3448547.66939774 4 0 0 0 
1 120.5852792 31.135862 0 355.31 21269679.5208758 3448547.90274153 4 0 0 0 
1 120.585279 31.1358641 0 355.32 21269679.5068731 3448548.13608532 4 0 0 0 
1 120.5852788 31.1358662 0 355.33 21269679.4928704 3448548.36942911 4 0 0 0 
1 120.5852786 31.1358685 0 355.35 21269679.4793514 3448548.62495649 4 0 0 0 
1 120.5852784 31.1358707 0 355.36 21269679.4655906 3448548.86939208 4 0 0 0 
1 120.5852782 31.1358725 0 355.36 21269679.4508623 3448549.06946048 4 0 0 0 
1 120.585278 31.1358752 0 355.36 21269679.4383107 3448549.36935505 4 0 0 0 
1 120.5852777 31.1358777 0 355.35 21269679.4157346 3448549.64727406 4 0 0 0 
1 120.5852775 31.1358801 0 355.35 21269679.4024575 3448549.91389324 4 0 0 0 
1 120.5852772 31.1358827 0 355.36 21269679.3801233 3448550.20290404 4 0 0 0 
1 120.585277 31.1358852 0 355.36 21269679.367088 3448550.48061502 4 0 0 0 
1 120.5852767 31.1358877 0 355.35 21269679.3445119 3448550.75853403 4 0 0 0 
1 120.5852765 31.1358901 0 355.36 21269679.3312348 3448551.02515321 4 0 0 0 
1 120.5852763 31.1358923 0 355.36 21269679.3174739 3448551.2695888 4 0 0 0 
1 120.585276 31.1358954 0 355.36 21269679.296349 3448551.61405859 4 0 0 0 
1 120.5852757 31.1358981 0 355.36 21269679.2742566 3448551.91416119 4 0 0 0 
1 120.5852755 31.1359008 0 355.36 21269679.261705 3448552.21405576 4 0 0 0 
1 120.5852752 31.135903 0 355.35 21269679.2384034 3448552.45869938 4 0 0 0 
1 120.5852749 31.1359063 0 355.35 21269679.2177621 3448552.82535277 4 0 0 0 
1 120.5852746 31.1359091 0 355.35 21269679.1959116 3448553.13654717 4 0 0 0 
1 120.5852743 31.1359118 0 355.34 21269679.1738192 3448553.43664977 4 0 0 0 
1 120.5852741 31.1359147 0 355.34 21269679.1617514 3448553.75872794 4 0 0 0 
1 120.5852738 31.1359174 0 355.34 21269679.1396591 3448554.05883054 4 0 0 0 
1 120.5852736 31.1359198 0 355.34 21269679.1263819 3448554.32544973 4 0 0 0 
1 120.5852732 31.1359231 0 355.35 21269679.0961999 3448554.69231115 4 0 0 0 
1 120.585273 31.1359261 0 355.36 21269679.0843739 3448555.0254811 4 0 0 0 
1 120.5852727 31.1359289 0 355.37 21269679.0625234 3448555.33667551 4 0 0 0 
1 120.5852724 31.135932 0 355.39 21269679.0413985 3448555.6811453 4 0 0 0 
1 120.5852721 31.1359349 0 355.41 21269679.0197899 3448556.0034315 4 0 0 0 
1 120.5852719 31.1359373 0 355.42 21269679.0065128 3448556.27005068 4 0 0 0 
1 120.5852715 31.1359408 0 355.42 21269678.9768144 3448556.6590957 4 0 0 0 
1 120.5852713 31.1359439 0 355.43 21269678.9652303 3448557.00335745 4 0 0 0 
1 120.585271 31.1359469 0 355.43 21269678.9438636 3448557.33673545 4 0 0 0 
1 120.5852707 31.1359498 0 355.43 21269678.9222549 3448557.65902165 4 0 0 0 
1 120.5852704 31.1359528 0 355.43 21269678.9008882 3448557.99239965 4 0 0 0 
1 120.5852702 31.1359553 0 355.44 21269678.8878529 3448558.27011063 4 0 0 0 
1 120.5852698 31.1359589 0 355.46 21269678.8583965 3448558.67024745 4 0 0 0 
1 120.5852696 31.135962 0 355.46 21269678.8468124 3448559.0145092 4 0 0 0 
1 120.5852693 31.135965 0 355.47 21269678.8254456 3448559.3478872 4 0 0 0 
1 120.585269 31.1359675 0 355.47 21269678.8028696 3448559.62580622 4 0 0 0 
1 120.5852687 31.1359712 0 355.48 21269678.7831958 3448560.03682679 4 0 0 0 
1 120.5852684 31.1359737 0 355.48 21269678.7606198 3448560.31474581 4 0 0 0 
1 120.585268 31.1359774 0 355.49 21269678.7314052 3448560.72597442 4 0 0 0 
1 120.5852677 31.1359807 0 355.5 21269678.7107641 3448561.09262781 4 0 0 0 
1 120.5852673 31.1359838 0 355.51 21269678.6800984 3448561.43730565 4 0 0 0 
1 120.5852671 31.135987 0 355.52 21269678.6687561 3448561.7926592 4 0 0 0 
1 120.5852668 31.1359901 0 355.52 21269678.6476313 3448562.137129 4 0 0 0 
1 120.5852665 31.1359934 0 355.52 21269678.6269901 3448562.50378239 4 0 0 0 
1 120.5852662 31.1359965 0 355.51 21269678.6058652 3448562.84825219 4 0 0 0 
1 120.5852659 31.1359997 0 355.51 21269678.5849822 3448563.20381378 4 0 0 0 
1 120.5852656 31.1360029 0 355.51 21269678.5640992 3448563.55937538 4 0 0 0 
1 120.5852653 31.1360061 0 355.5 21269678.5432162 3448563.91493698 4 0 0 0 
1 120.585265 31.1360093 0 355.5 21269678.5223332 3448564.27049857 4 0 0 0 
1 120.5852649 31.1360118 0 355.5 21269678.5188388 3448564.54800152 4 0 0 0 
1 120.5852645 31.1360156 0 355.51 21269678.4898661 3448564.97032193 4 0 0 0 
1 120.5852642 31.1360182 0 355.5 21269678.467532 3448565.25933275 4 0 0 0 
1 120.5852639 31.136022 0 355.5 21269678.4481001 3448565.68144512 4 0 0 0 
1 120.5852637 31.1360246 0 355.5 21269678.4353068 3448565.9702479 4 0 0 0 
1 120.5852633 31.1360284 0 355.5 21269678.4063341 3448566.39256832 4 0 0 0 
1 120.585263 31.1360317 0 355.49 21269678.385693 3448566.75922171 4 0 0 0 
1 120.5852627 31.1360349 0 355.49 21269678.36481 3448567.11478331 4 0 0 0 
1 120.5852624 31.1360374 0 355.48 21269678.342234 3448567.39270233 4 0 0 0 
1 120.5852619 31.1360412 0 355.46 21269678.3037205 3448567.81523079 4 0 0 0 
1 120.5852616 31.1360444 0 355.46 21269678.2828376 3448568.17079239 4 0 0 0 
1 120.5852613 31.1360476 0 355.45 21269678.2619546 3448568.52635399 4 0 0 0 
1 120.5852612 31.1360503 0 355.46 21269678.2589439 3448568.82604053 4 0 0 0 
1 120.5852609 31.1360541 0 355.46 21269678.2395121 3448569.2481529 4 0 0 0 
1 120.5852606 31.1360567 0 355.47 21269678.217178 3448569.53716373 4 0 0 0 
1 120.5852603 31.1360606 0 355.47 21269678.197988 3448569.9703679 4 0 0 0 
1 120.58526 31.1360632 0 355.47 21269678.1756539 3448570.25937872 4 0 0 0 
1 120.5852597 31.1360671 0 355.47 21269678.1564639 3448570.6925829 4 0 0 0 
1 120.5852594 31.1360703 0 355.46 21269678.135581 3448571.0481445 4 0 0 0 
1 120.5852591 31.1360735 0 355.46 21269678.114698 3448571.4037061 4 0 0 0 
1 120.5852589 31.1360767 0 355.46 21269678.1033559 3448571.75905967 4 0 0 0 
1 120.5852586 31.1360799 0 355.46 21269678.0824729 3448572.11462127 4 0 0 0 
1 120.5852583 31.1360825 0 355.46 21269678.0601388 3448572.40363209 4 0 0 0 
1 120.585258 31.1360864 0 355.45 21269678.0409489 3448572.83683627 4 0 0 0 
1 120.5852578 31.136089 0 355.45 21269678.0281556 3448573.12563905 4 0 0 0 
1 120.5852575 31.1360929 0 355.46 21269678.0089657 3448573.55884323 4 0 0 0 
1 120.5852572 31.1360954 0 355.45 21269677.9863897 3448573.83676226 4 0 0 0 
1 120.5852568 31.1360993 0 355.45 21269677.957659 3448574.27017448 4 0 0 0 
1 120.5852565 31.1361025 0 355.46 21269677.9367761 3448574.62573608 4 0 0 0 
1 120.5852562 31.1361057 0 355.45 21269677.9158931 3448574.98129769 4 0 0 0 
1 120.585256 31.1361082 0 355.45 21269677.902858 3448575.25900868 4 0 0 0 
1 120.5852556 31.136112 0 355.44 21269677.8738854 3448575.6813291 4 0 0 0 
1 120.5852554 31.1361146 0 355.44 21269677.8610921 3448575.97013189 4 0 0 0 
1 120.5852551 31.1361184 0 355.42 21269677.8416604 3448576.39224427 4 0 0 0 
1 120.5852548 31.136121 0 355.42 21269677.8193263 3448576.6812551 4 0 0 0 
1 120.5852545 31.1361248 0 355.41 21269677.7998945 3448577.10336749 4 0 0 0 
1 120.5852542 31.136128 0 355.4 21269677.7790116 3448577.45892909 4 0 0 0 
1 120.5852539 31.1361311 0 355.38 21269677.7578868 3448577.8033989 4 0 0 0 
1 120.5852537 31.1361337 0 355.37 21269677.7450936 3448578.09220169 4 0 0 0 
1 120.5852534 31.1361375 0 355.37 21269677.7256618 3448578.51431408 4 0 0 0 
1 120.585253 31.13614 0 355.37 21269677.6935451 3448578.79244115 4 0 0 0 
1 120.5852526 31.1361438 0 355.34 21269677.6645726 3448579.21476158 4 0 0 0 
1 120.5852524 31.1361464 0 355.34 21269677.6517793 3448579.50356437 4 0 0 0 
1 120.5852521 31.1361501 0 355.32 21269677.6321057 3448579.91458496 4 0 0 0 
1 120.5852519 31.1361527 0 355.33 21269677.6193125 3448580.20338775 4 0 0 0 
1 120.5852516 31.1361565 0 355.33 21269677.5998807 3448580.62550014 4 0 0 0 
1 120.5852514 31.136159 0 355.34 21269677.5868456 3448580.90321113 4 0 0 0 
1 120.5852511 31.1361628 0 355.34 21269677.5674139 3448581.32532352 4 0 0 0 
1 120.5852508 31.1361653 0 355.33 21269677.544838 3448581.60324255 4 0 0 0 
1 120.5852505 31.136169 0 355.33 21269677.5251644 3448582.01426315 4 0 0 0 
1 120.5852502 31.1361721 0 355.33 21269677.5040397 3448582.35873296 4 0 0 0 
1 120.5852499 31.1361752 0 355.35 21269677.482915 3448582.70320277 4 0 0 0 
1 120.5852495 31.1361783 0 355.36 21269677.4522494 3448583.04788063 4 0 0 0 
1 120.5852492 31.1361813 0 355.38 21269677.4308828 3448583.38125865 4 0 0 0 
1 120.5852489 31.1361838 0 355.39 21269677.4083069 3448583.65917768 4 0 0 0 
1 120.5852486 31.1361875 0 355.39 21269677.3886334 3448584.07019828 4 0 0 0 
1 120.5852484 31.13619 0 355.41 21269677.3755983 3448584.34790927 4 0 0 0 
1 120.585248 31.1361937 0 355.42 21269677.3463839 3448584.75913791 4 0 0 0 
1 120.5852478 31.1361962 0 355.43 21269677.3333489 3448585.03684891 4 0 0 0 
1 120.5852475 31.1361998 0 355.45 21269677.3134334 3448585.43677771 4 0 0 0 
1 120.5852473 31.1362023 0 355.46 21269677.3003984 3448585.7144887 4 0 0 0 
1 120.585247 31.1362059 0 355.45 21269677.280483 3448586.1144175 4 0 0 0 
1 120.5852466 31.1362084 0 355.44 21269677.2483663 3448586.39254458 4 0 0 0 
1 120.5852462 31.1362121 0 355.44 21269677.219152 3448586.80377322 4 0 0 0 
1 120.5852459 31.1362145 0 355.44 21269677.1963342 3448587.07060046 4 0 0 0 
1 120.5852456 31.1362182 0 355.45 21269677.1766607 3448587.48162106 4 0 0 0 
1 120.5852454 31.1362207 0 355.46 21269677.1636256 3448587.75933206 4 0 0 0 
1 120.585245 31.1362244 0 355.46 21269677.1344113 3448588.1705607 4 0 0 0 
1 120.5852448 31.1362268 0 355.47 21269677.1211344 3448588.4371799 4 0 0 0 
1 120.5852445 31.1362305 0 355.48 21269677.1014609 3448588.8482005 4 0 0 0 
1 120.5852442 31.1362329 0 355.48 21269677.0786431 3448589.11502774 4 0 0 0 
1 120.5852438 31.1362366 0 355.49 21269677.0494288 3448589.52625638 4 0 0 0 
1 120.5852435 31.1362396 0 355.5 21269677.0280623 3448589.8596344 4 0 0 0 
1 120.5852432 31.1362427 0 355.49 21269677.0069376 3448590.20410422 4 0 0 0 
1 120.5852431 31.1362451 0 355.5 21269677.0032015 3448590.47051539 4 0 0 0 
1 120.5852427 31.1362487 0 355.52 21269676.9737453 3448590.87065223 4 0 0 0 
1 120.5852425 31.1362512 0 355.52 21269676.9607103 3448591.14836323 4 0 0 0 
1 120.5852421 31.1362549 0 355.53 21269676.931496 3448591.55959188 4 0 0 0 
1 120.5852419 31.1362574 0 355.54 21269676.9184609 3448591.83730288 4 0 0 0 
1 120.5852417 31.1362604 0 355.54 21269676.9066352 3448592.17047286 4 0 0 0 
1 120.5852414 31.1362635 0 355.55 21269676.8855105 3448592.51494268 4 0 0 0 
1 120.5852411 31.1362672 0 355.56 21269676.8658371 3448592.92596329 4 0 0 0 
1 120.5852409 31.1362696 0 355.56 21269676.8525602 3448593.19258249 4 0 0 0 
1 120.5852406 31.1362733 0 355.57 21269676.8328867 3448593.60360309 4 0 0 0 
1 120.5852404 31.1362756 0 355.58 21269676.8193679 3448593.8591305 4 0 0 0 
1 120.5852401 31.1362792 0 355.58 21269676.7994526 3448594.25905931 4 0 0 0 
1 120.5852399 31.1362817 0 355.59 21269676.7864175 3448594.53677031 4 0 0 0 
1 120.5852395 31.1362853 0 355.58 21269676.7569614 3448594.93690716 4 0 0 0 
1 120.5852394 31.1362877 0 355.59 21269676.7532253 3448595.20331833 4 0 0 0 
1 120.5852391 31.1362913 0 355.6 21269676.73331 3448595.60324714 4 0 0 0 
1 120.5852389 31.1362938 0 355.61 21269676.720275 3448595.88095814 4 0 0 0 
1 120.5852385 31.1362974 0 355.62 21269676.6908188 3448596.28109499 4 0 0 0 
1 120.5852383 31.1362999 0 355.62 21269676.6777838 3448596.55880599 4 0 0 0 
1 120.585238 31.1363035 0 355.62 21269676.6578685 3448596.9587348 4 0 0 0 
1 120.5852378 31.1363059 0 355.63 21269676.6445916 3448597.22535401 4 0 0 0 
1 120.5852375 31.1363089 0 355.63 21269676.6232251 3448597.55873204 4 0 0 0 
1 120.5852372 31.1363119 0 355.62 21269676.6018586 3448597.89211007 4 0 0 0 
1 120.5852369 31.1363155 0 355.63 21269676.5819433 3448598.29203888 4 0 0 0 
1 120.5852367 31.136318 0 355.62 21269676.5689083 3448598.56974988 4 0 0 0 
1 120.5852364 31.136321 0 355.61 21269676.5475418 3448598.90312792 4 0 0 0 
1 120.5852361 31.136324 0 355.6 21269676.5261754 3448599.23650595 4 0 0 0 
1 120.5852358 31.1363277 0 355.6 21269676.5065019 3448599.64752655 4 0 0 0 
1 120.5852356 31.1363301 0 355.6 21269676.4932251 3448599.91414576 4 0 0 0 
1 120.5852353 31.1363331 0 355.59 21269676.4718586 3448600.2475238 4 0 0 0 
1 120.5852351 31.1363361 0 355.6 21269676.4600329 3448600.58069378 4 0 0 0 
1 120.5852349 31.1363392 0 355.61 21269676.4484491 3448600.92495557 4 0 0 0 
1 120.5852346 31.1363422 0 355.6 21269676.4270826 3448601.2583336 4 0 0 0 
1 120.5852343 31.1363458 0 355.61 21269676.4071673 3448601.65826242 4 0 0 0 
1 120.585234 31.1363482 0 355.6 21269676.3843497 3448601.92508967 4 0 0 0 
1 120.5852336 31.1363519 0 355.59 21269676.3551355 3448602.33631833 4 0 0 0 
1 120.5852334 31.1363543 0 355.6 21269676.3418587 3448602.60293754 4 0 0 0 
1 120.5852331 31.1363579 0 355.6 21269676.3219434 3448603.00286635 4 0 0 0 
1 120.5852329 31.1363602 0 355.6 21269676.3084247 3448603.25839376 4 0 0 0 
1 120.5852325 31.1363638 0 355.61 21269676.2789686 3448603.65853062 4 0 0 0 
1 120.5852323 31.1363662 0 355.63 21269676.2656918 3448603.92514983 4 0 0 0 
1 120.585232 31.1363698 0 355.67 21269676.2457765 3448604.32507865 4 0 0 0 
1 120.5852318 31.1363722 0 355.69 21269676.2324997 3448604.59169786 4 0 0 0 
1 120.5852314 31.1363758 0 355.71 21269676.2030437 3448604.99183472 4 0 0 0 
1 120.5852312 31.1363783 0 355.72 21269676.1900087 3448605.26954573 4 0 0 0 
1 120.5852309 31.1363813 0 355.72 21269676.1686422 3448605.60292376 4 0 0 0 
1 120.5852306 31.1363843 0 355.72 21269676.1472758 3448605.9363018 4 0 0 0 
1 120.5852304 31.1363873 0 355.73 21269676.1354502 3448606.26947179 4 0 0 0 
1 120.5852301 31.1363904 0 355.74 21269676.1143256 3448606.61394163 4 0 0 0 
1 120.5852299 31.1363934 0 355.75 21269676.1025 3448606.94711162 4 0 0 0 
1 120.5852296 31.1363964 0 355.75 21269676.0811335 3448607.28048966 4 0 0 0 
1 120.5852293 31.1364 0 355.75 21269676.0612183 3448607.68041848 4 0 0 0 
1 120.5852292 31.1364025 0 355.77 21269676.0577241 3448607.95792145 4 0 0 0 
1 120.585229 31.1364055 0 355.78 21269676.0458985 3448608.29109144 4 0 0 0 
1 120.5852287 31.1364085 0 355.78 21269676.0245321 3448608.62446948 4 0 0 0 
1 120.5852284 31.1364121 0 355.79 21269676.0046168 3448609.0243983 4 0 0 0 
1 120.5852282 31.1364146 0 355.79 21269675.9915819 3448609.30210931 4 0 0 0 
1 120.5852278 31.1364182 0 355.8 21269675.9621259 3448609.70224618 4 0 0 0 
1 120.5852276 31.1364207 0 355.79 21269675.9490909 3448609.97995719 4 0 0 0 
1 120.5852273 31.1364243 0 355.8 21269675.9291757 3448610.37988601 4 0 0 0 
1 120.5852271 31.1364268 0 355.8 21269675.9161408 3448610.65759702 4 0 0 0 
1 120.5852268 31.1364298 0 355.8 21269675.8947744 3448610.99097506 4 0 0 0 
1 120.5852266 31.1364328 0 355.81 21269675.8829488 3448611.32414506 4 0 0 0 
1 120.5852263 31.1364364 0 355.82 21269675.8630336 3448611.72407388 4 0 0 0 
1 120.585226 31.1364389 0 355.81 21269675.8404579 3448612.00199294 4 0 0 0 
1 120.5852257 31.1364425 0 355.8 21269675.8205427 3448612.40192176 4 0 0 0 
1 120.5852255 31.1364449 0 355.81 21269675.8072659 3448612.66854098 4 0 0 0 
1 120.5852253 31.1364479 0 355.83 21269675.7954402 3448613.00171098 4 0 0 0 
1 120.585225 31.1364509 0 355.83 21269675.7740739 3448613.33508902 4 0 0 0 
1 120.5852247 31.1364546 0 355.83 21269675.7544005 3448613.74610964 4 0 0 0 
1 120.5852245 31.1364571 0 355.83 21269675.7413656 3448614.02382065 4 0 0 0 
1 120.5852242 31.1364602 0 355.84 21269675.7202411 3448614.36829049 4 0 0 0 
1 120.585224 31.1364632 0 355.85 21269675.7084155 3448614.70146049 4 0 0 0 
1 120.5852237 31.1364663 0 355.85 21269675.687291 3448615.04593033 4 0 0 0 
1 120.5852234 31.1364694 0 355.86 21269675.6661665 3448615.39040017 4 0 0 0 
1 120.5852232 31.1364724 0 355.88 21269675.6543409 3448615.72357018 4 0 0 0 
1 120.5852229 31.1364754 0 355.88 21269675.6329746 3448616.05694822 4 0 0 0 
1 120.5852226 31.1364791 0 355.88 21269675.6133013 3448616.46796884 4 0 0 0 
1 120.5852224 31.1364815 0 355.89 21269675.6000245 3448616.73458806 4 0 0 0 
1 120.5852221 31.1364852 0 355.89 21269675.5803512 3448617.14560868 4 0 0 0 
1 120.5852219 31.1364877 0 355.89 21269675.5673163 3448617.4233197 4 0 0 0 
1 120.5852216 31.1364914 0 355.89 21269675.547643 3448617.83434033 4 0 0 0 
1 120.5852214 31.1364938 0 355.89 21269675.5343662 3448618.10095954 4 0 0 0 
1 120.5852212 31.1364969 0 355.89 21269675.5227825 3448618.44522134 4 0 0 0 
1 120.5852209 31.1365 0 355.88 21269675.501658 3448618.78969119 4 0 0 0 
1 120.5852206 31.1365038 0 355.87 21269675.4822266 3448619.21180361 4 0 0 0 
1 120.5852205 31.1365062 0 355.87 21269675.4784906 3448619.47821479 4 0 0 0 
1 120.5852202 31.1365093 0 355.87 21269675.4573661 3448619.82268463 4 0 0 0 
1 120.5852199 31.1365123 0 355.88 21269675.4359998 3448620.15606268 4 0 0 0 
1 120.5852196 31.136516 0 355.86 21269675.4163265 3448620.56708331 4 0 0 0 
1 120.5852194 31.1365185 0 355.85 21269675.4032916 3448620.84479432 4 0 0 0 
1 120.5852191 31.1365216 0 355.85 21269675.3821672 3448621.18926417 4 0 0 0 
1 120.5852188 31.1365246 0 355.82 21269675.3608009 3448621.52264222 4 0 0 0 
1 120.5852184 31.1365283 0 355.79 21269675.3315868 3448621.93387089 4 0 0 0 
1 120.5852182 31.1365308 0 355.78 21269675.318552 3448622.21158191 4 0 0 0 
1 120.5852179 31.1365339 0 355.76 21269675.2974275 3448622.55605176 4 0 0 0 
1 120.5852176 31.1365371 0 355.76 21269675.2765449 3448622.9116134 4 0 0 0 
1 120.5852174 31.1365402 0 355.75 21269675.2649612 3448623.2558752 4 0 0 0 
1 120.5852172 31.1365433 0 355.76 21269675.2533776 3448623.60013701 4 0 0 0 
1 120.5852169 31.1365464 0 355.77 21269675.2322531 3448623.94460685 4 0 0 0 
1 120.5852166 31.1365496 0 355.77 21269675.2113705 3448624.3001685 4 0 0 0 
1 120.5852163 31.1365533 0 355.79 21269675.1916973 3448624.71118913 4 0 0 0 
1 120.5852161 31.1365559 0 355.79 21269675.1789043 3448624.99999195 4 0 0 0 
1 120.5852158 31.1365597 0 355.8 21269675.1594729 3448625.42210438 4 0 0 0 
1 120.5852156 31.1365622 0 355.8 21269675.1464381 3448625.6998154 4 0 0 0 
1 120.5852153 31.1365653 0 355.8 21269675.1253136 3448626.04428525 4 0 0 0 
1 120.585215 31.1365684 0 355.81 21269675.1041892 3448626.38875509 4 0 0 0 
1 120.5852147 31.1365715 0 355.82 21269675.0830648 3448626.73322494 4 0 0 0 
1 120.5852145 31.1365746 0 355.82 21269675.0714811 3448627.07748675 4 0 0 0 
1 120.5852143 31.1365776 0 355.81 21269675.0596556 3448627.41065676 4 0 0 0 
1 120.585214 31.1365807 0 355.81 21269675.0385312 3448627.75512661 4 0 0 0 
1 120.5852137 31.1365837 0 355.81 21269675.0171649 3448628.08850466 4 0 0 0 
1 120.5852135 31.1365868 0 355.79 21269675.0055813 3448628.43276647 4 0 0 0 
1 120.5852132 31.1365898 0 355.79 21269674.984215 3448628.76614452 4 0 0 0 
1 120.585213 31.1365928 0 355.79 21269674.9723895 3448629.09931453 4 0 0 0 
1 120.5852127 31.1365964 0 355.79 21269674.9524744 3448629.49924337 4 0 0 0 
1 120.5852126 31.1365988 0 355.79 21269674.9487385 3448629.76565455 4 0 0 0 
1 120.5852123 31.1366024 0 355.79 21269674.9288234 3448630.16558339 4 0 0 0 
1 120.585212 31.1366048 0 355.79 21269674.9060059 3448630.43241066 4 0 0 0 
1 120.5852118 31.1366078 0 355.8 21269674.8941804 3448630.76558067 4 0 0 0 
1 120.5852114 31.1366109 0 355.78 21269674.8635153 3448631.11025857 4 0 0 0 
1 120.5852111 31.1366145 0 355.78 21269674.8436002 3448631.51018741 4 0 0 0 
1 120.585211 31.1366169 0 355.78 21269674.8398643 3448631.77659859 4 0 0 0 
1 120.5852107 31.1366199 0 355.79 21269674.818498 3448632.10997665 4 0 0 0 
1 120.5852105 31.1366229 0 355.79 21269674.8066726 3448632.44314666 4 0 0 0 
1 120.5852102 31.1366259 0 355.79 21269674.7853063 3448632.77652472 4 0 0 0 
1 120.58521 31.1366289 0 355.8 21269674.7734808 3448633.10969473 4 0 0 0 
1 120.5852097 31.1366319 0 355.8 21269674.7521146 3448633.44307278 4 0 0 0 
1 120.5852095 31.1366349 0 355.79 21269674.7402891 3448633.7762428 4 0 0 0 
1 120.5852092 31.1366385 0 355.79 21269674.7203741 3448634.17617164 4 0 0 0 
1 120.585209 31.1366409 0 355.78 21269674.7070974 3448634.44279087 4 0 0 0 
1 120.5852087 31.1366438 0 355.77 21269674.6854893 3448634.76507713 4 0 0 0 
1 120.5852083 31.1366469 0 355.76 21269674.6548242 3448635.10975503 4 0 0 0 
1 120.585208 31.1366505 0 355.76 21269674.6349091 3448635.50968387 4 0 0 0 
1 120.5852078 31.1366529 0 355.76 21269674.6216325 3448635.7763031 4 0 0 0 
1 120.5852076 31.1366559 0 355.75 21269674.609807 3448636.10947312 4 0 0 0 
1 120.5852073 31.1366589 0 355.75 21269674.5884408 3448636.44285118 4 0 0 0 
1 120.5852071 31.1366619 0 355.76 21269674.5766153 3448636.77602119 4 0 0 0 
1 120.5852068 31.1366649 0 355.76 21269674.5552491 3448637.10939925 4 0 0 0 
1 120.5852066 31.136668 0 355.77 21269674.5436655 3448637.45366106 4 0 0 0 
1 120.5852063 31.136671 0 355.77 21269674.5222993 3448637.78703912 4 0 0 0 
1 120.5852061 31.136674 0 355.77 21269674.5104738 3448638.12020914 4 0 0 0 
1 120.5852059 31.136677 0 355.77 21269674.4986484 3448638.45337916 4 0 0 0 
1 120.5852056 31.1366807 0 355.77 21269674.4789752 3448638.8643998 4 0 0 0 
1 120.5852053 31.1366832 0 355.77 21269674.4563997 3448639.14231887 4 0 0 0 
1 120.585205 31.1366862 0 355.78 21269674.4350335 3448639.47569694 4 0 0 0 
1 120.5852048 31.1366892 0 355.77 21269674.4232081 3448639.80886695 4 0 0 0 
1 120.5852044 31.1366928 0 355.76 21269674.3937523 3448640.20900385 4 0 0 0 
1 120.5852043 31.1366953 0 355.76 21269674.3902583 3448640.48650683 4 0 0 0 
1 120.585204 31.1366989 0 355.76 21269674.3703433 3448640.88643568 4 0 0 0 
1 120.5852038 31.1367013 0 355.76 21269674.3570666 3448641.15305491 4 0 0 0 
1 120.5852035 31.1367043 0 355.76 21269674.3357005 3448641.48643297 4 0 0 0 
1 120.5852032 31.1367074 0 355.76 21269674.3145762 3448641.83090284 4 0 0 0 
1 120.5852029 31.1367104 0 355.75 21269674.29321 3448642.1642809 4 0 0 0 
1 120.5852026 31.1367135 0 355.73 21269674.2720857 3448642.50875076 4 0 0 0 
1 120.5852024 31.1367165 0 355.69 21269674.2602602 3448642.84192078 4 0 0 0 
1 120.5852021 31.1367195 0 355.67 21269674.2388941 3448643.17529885 4 0 0 0 
1 120.5852018 31.1367226 0 355.64 21269674.2177698 3448643.51976871 4 0 0 0 
1 120.5852015 31.1367256 0 355.63 21269674.1964036 3448643.85314677 4 0 0 0 
1 120.5852011 31.1367292 0 355.6 21269674.1669479 3448644.25328367 4 0 0 0 
1 120.5852009 31.1367316 0 355.58 21269674.1536713 3448644.51990291 4 0 0 0 
1 120.5852006 31.1367347 0 355.54 21269674.132547 3448644.86437277 4 0 0 0 
1 120.5852004 31.1367377 0 355.51 21269674.1207216 3448645.19754279 4 0 0 0 
1 120.5852 31.1367408 0 355.46 21269674.0900565 3448645.5422207 4 0 0 0 
1 120.5851999 31.1367439 0 355.44 21269674.0880137 3448645.88627447 4 0 0 0 
1 120.5851996 31.136747 0 355.41 21269674.0668894 3448646.23074434 4 0 0 0 
1 120.5851994 31.13675 0 355.37 21269674.055064 3448646.56391436 4 0 0 0 
1 120.5851992 31.1367531 0 355.32 21269674.0434805 3448646.90817618 4 0 0 0 
1 120.585199 31.1367561 0 355.27 21269674.0316551 3448647.2413462 4 0 0 0 
1 120.5851988 31.1367591 0 355.25 21269674.0198297 3448647.57451622 4 0 0 0 
1 120.5851985 31.1367621 0 355.21 21269673.9984635 3448647.90789429 4 0 0 0 
1 120.5851982 31.1367651 0 355.18 21269673.9770974 3448648.24127236 4 0 0 0 
1 120.5851979 31.1367681 0 355.14 21269673.9557313 3448648.57465043 4 0 0 0 
1 120.5851977 31.1367711 0 355.1 21269673.9439059 3448648.90782045 4 0 0 0 
1 120.5851973 31.1367741 0 355.05 21269673.912999 3448649.24140657 4 0 0 0 
1 120.585197 31.1367771 0 355 21269673.8916329 3448649.57478464 4 0 0 0 
1 120.5851967 31.1367801 0 354.96 21269673.8702668 3448649.90816271 4 0 0 0 
1 120.5851964 31.1367831 0 354.92 21269673.8489006 3448650.24154078 4 0 0 0 
1 120.5851962 31.1367862 0 354.87 21269673.8373171 3448650.5858026 4 0 0 0 
1 120.5851958 31.1367892 0 354.83 21269673.8064103 3448650.91938872 4 0 0 0 
1 120.5851956 31.1367922 0 354.78 21269673.7945849 3448651.25255874 4 0 0 0 
1 120.5851953 31.1367952 0 354.7 21269673.7732188 3448651.58593681 4 0 0 0 
1 120.5851949 31.1367981 0 354.63 21269673.7420701 3448651.90843114 4 0 0 0 
1 120.5851946 31.1368011 0 354.56 21269673.720704 3448652.24180921 4 0 0 0 
1 120.5851944 31.136804 0 354.51 21269673.7086367 3448652.56388744 4 0 0 0 
1 120.5851941 31.1368069 0 354.45 21269673.6870287 3448652.88617371 4 0 0 0 
1 120.5851938 31.13681 0 354.39 21269673.6659045 3448653.23064358 4 0 0 0 
1 120.5851935 31.1368129 0 354.31 21269673.6442965 3448653.55292986 4 0 0 0 
1 120.585193 31.1368158 0 354.26 21269673.6036071 3448653.87563223 4 0 0 0 
1 120.5851926 31.1368188 0 354.21 21269673.5727003 3448654.20921835 4 0 0 0 
1 120.5851922 31.1368217 0 354.14 21269673.5415516 3448654.53171267 4 0 0 0 
1 120.5851918 31.1368246 0 354.08 21269673.5104029 3448654.854207 4 0 0 0 
1 120.5851915 31.1368275 0 354.01 21269673.4887949 3448655.17649327 4 0 0 0 
1 120.5851911 31.1368304 0 353.92 21269673.4576462 3448655.4989876 4 0 0 0 
1 120.5851907 31.1368334 0 353.84 21269673.4267394 3448655.83257372 4 0 0 0 
1 120.5851903 31.1368363 0 353.74 21269673.3955908 3448656.15506805 4 0 0 0 
1 120.5851899 31.1368392 0 353.63 21269673.3644421 3448656.47756237 4 0 0 0 
1 120.5851895 31.1368421 0 353.54 21269673.3332934 3448656.8000567 4 0 0 0 
1 120.5851892 31.136845 0 353.45 21269673.3116855 3448657.12234298 4 0 0 0 
1 120.5851889 31.1368479 0 353.33 21269673.2900775 3448657.44462926 4 0 0 0 
1 120.5851885 31.1368508 0 353.22 21269673.2589289 3448657.76712358 4 0 0 0 
1 120.5851881 31.1368537 0 353.12 21269673.2277802 3448658.08961791 4 0 0 0 
1 120.5851877 31.1368565 0 353.02 21269673.1963897 3448658.40102044 4 0 0 0 
1 120.5851874 31.1368593 0 352.9 21269673.1745399 3448658.71221492 4 0 0 0 
1 120.5851869 31.1368623 0 352.78 21269673.1340923 3448659.0460091 4 0 0 0 
1 120.5851865 31.1368651 0 352.64 21269673.1027018 3448659.35741163 4 0 0 0 
1 120.5851861 31.1368679 0 352.47 21269673.0713113 3448659.66881416 4 0 0 0 
1 120.5851857 31.1368707 0 352.22 21269673.0399208 3448659.98021669 4 0 0 0 
1 120.5851853 31.1368736 0 351.91 21269673.0087721 3448660.30271102 4 0 0 0 
1 120.5851848 31.1368765 0 351.54 21269672.9680828 3448660.6254134 4 0 0 0 
1 120.5851842 31.1368792 0 351.1 21269672.9173689 3448660.92614023 4 0 0 0 
1 120.5851837 31.136882 0 350.65 21269672.8764377 3448661.23775081 4 0 0 0 
1 120.5851832 31.1368847 0 350.16 21269672.8352646 3448661.5382696 4 0 0 0 
1 120.5851826 31.1368875 0 349.61 21269672.7847927 3448661.85008823 4 0 0 0 
1 120.5851821 31.1368903 0 348.96 21269672.7438614 3448662.16169881 4 0 0 0 
1 120.5851815 31.136893 0 348.3 21269672.6931476 3448662.46242565 4 0 0 0 
1 120.585181 31.136896 0 347.67 21269672.6527002 3448662.79621983 4 0 0 0 
1 120.5851803 31.1368987 0 346.95 21269672.5924456 3448663.09715471 4 0 0 0 
1 120.5851795 31.1369015 0 346.22 21269672.5228922 3448663.40938944 4 0 0 0 
1 120.5851787 31.1369042 0 345.48 21269672.453097 3448663.71053238 4 0 0 0 
1 120.5851779 31.1369068 0 344.75 21269672.3830599 3448664.00058351 4 0 0 0 
1 120.5851771 31.1369095 0 343.96 21269672.3132646 3448664.30172645 4 0 0 0 
1 120.5851762 31.1369123 0 343.09 21269672.2341705 3448664.61416923 4 0 0 0 
1 120.5851752 31.136915 0 342.26 21269672.1452939 3448664.91572827 4 0 0 0 
1 120.5851743 31.1369177 0 341.45 21269672.0659579 3448665.21707926 4 0 0 0 
1 120.5851732 31.1369204 0 340.53 21269671.9675405 3448665.51884635 4 0 0 0 
1 120.5851722 31.1369231 0 339.58 21269671.8786639 3448665.82040538 4 0 0 0 
1 120.5851711 31.1369259 0 338.7 21269671.7804884 3448666.13326427 4 0 0 0 
1 120.58517 31.1369286 0 337.85 21269671.682071 3448666.43503137 4 0 0 0 
1 120.5851687 31.1369313 0 336.96 21269671.5645722 3448666.73721456 4 0 0 0 
1 120.5851674 31.1369339 0 336.08 21269671.4468315 3448667.02830596 4 0 0 0 
1 120.5851661 31.1369365 0 335.25 21269671.3290908 3448667.31939735 4 0 0 0 
1 120.5851646 31.1369391 0 334.42 21269671.1922687 3448667.61090486 4 0 0 0 
1 120.5851632 31.1369417 0 333.56 21269671.0649874 3448667.90220431 4 0 0 0 
1 120.5851618 31.1369445 0 332.71 21269670.9381897 3448668.21568736 4 0 0 0 
1 120.5851602 31.1369471 0 331.87 21269670.7918269 3448668.50740292 4 0 0 0 
1 120.5851587 31.1369498 0 331.03 21269670.6552467 3448668.81000223 4 0 0 0 
1 120.585157 31.1369524 0 330.19 21269670.4993432 3448669.10192584 4 0 0 0 
1 120.5851553 31.1369549 0 329.36 21269670.3431979 3448669.38275766 4 0 0 0 
1 120.5851536 31.1369575 0 328.52 21269670.1872944 3448669.67468128 4 0 0 0 
1 120.5851518 31.1369599 0 327.67 21269670.0213665 3448669.94462936 4 0 0 0 
1 120.5851499 31.1369625 0 326.83 21269669.8463815 3448670.23696909 4 0 0 0 
1 120.5851481 31.1369651 0 326.01 21269669.6809374 3448670.52910077 4 0 0 0 
1 120.5851461 31.1369676 0 325.17 21269669.4961699 3448670.81055676 4 0 0 0 
1 120.5851441 31.1369701 0 324.31 21269669.3114024 3448671.09201276 4 0 0 0 
1 120.5851421 31.1369726 0 323.48 21269669.126635 3448671.37346876 4 0 0 0 
1 120.5851399 31.1369751 0 322.67 21269668.9227861 3448671.65534086 4 0 0 0 
1 120.5851378 31.1369776 0 321.85 21269668.7284779 3448671.93700492 4 0 0 0 
1 120.5851356 31.13698 0 321.04 21269668.5243872 3448672.20778524 4 0 0 0 
1 120.5851334 31.1369824 0 320.24 21269668.3202965 3448672.47856556 4 0 0 0 
1 120.5851311 31.1369848 0 319.46 21269668.106665 3448672.74955394 4 0 0 0 
1 120.5851288 31.1369872 0 318.69 21269667.8930336 3448673.02054233 4 0 0 0 
1 120.5851265 31.1369895 0 317.93 21269667.6791603 3448673.28043892 4 0 0 0 
1 120.5851241 31.1369919 0 317.15 21269667.4559882 3448673.55163538 4 0 0 0 
1 120.5851217 31.1369941 0 316.37 21269667.2323324 3448673.80064823 4 0 0 0 
1 120.5851192 31.1369964 0 315.61 21269666.9993777 3448674.06096095 4 0 0 0 
1 120.5851167 31.1369986 0 314.83 21269666.7661811 3448674.31018188 4 0 0 0 
1 120.5851142 31.1370008 0 314.04 21269666.5329846 3448674.55940281 4 0 0 0 
1 120.5851116 31.137003 0 313.23 21269666.2902473 3448674.8088318 4 0 0 0 
1 120.585109 31.1370051 0 312.37 21269666.0472682 3448675.047169 4 0 0 0 
1 120.5851063 31.1370072 0 311.46 21269665.7947484 3448675.28571426 4 0 0 0 
1 120.5851037 31.1370093 0 310.51 21269665.5517693 3448675.52405147 4 0 0 0 
1 120.585101 31.1370113 0 309.53 21269665.2990076 3448675.75150495 4 0 0 0 
1 120.5850983 31.1370133 0 308.52 21269665.046246 3448675.97895843 4 0 0 0 
1 120.5850955 31.1370153 0 307.47 21269664.7839436 3448676.20661998 4 0 0 0 
1 120.5850927 31.1370172 0 306.43 21269664.5213993 3448676.42318974 4 0 0 0 
1 120.5850899 31.137019 0 305.37 21269664.2586132 3448676.6286677 4 0 0 0 
1 120.5850871 31.1370208 0 304.3 21269663.9958271 3448676.83414567 4 0 0 0 
1 120.5850842 31.1370226 0 303.22 21269663.7235003 3448677.03983171 4 0 0 0 
1 120.5850813 31.1370244 0 302.11 21269663.4511735 3448677.24551776 4 0 0 0 
1 120.5850783 31.137026 0 300.99 21269663.1688223 3448677.42922827 4 0 0 0 
1 120.5850753 31.1370276 0 299.86 21269662.886471 3448677.61293879 4 0 0 0 
1 120.5850723 31.1370292 0 298.73 21269662.6041198 3448677.79664932 4 0 0 0 
1 120.5850692 31.1370307 0 297.58 21269662.311986 3448677.96947612 4 0 0 0 
1 120.5850661 31.1370322 0 296.41 21269662.0198521 3448678.14230292 4 0 0 0 
1 120.585063 31.1370336 0 295.24 21269661.7274764 3448678.30403794 4 0 0 0 
1 120.5850599 31.1370349 0 294.06 21269661.4348589 3448678.45468117 4 0 0 0 
1 120.5850567 31.1370362 0 292.88 21269661.1327006 3448678.60553246 4 0 0 0 
1 120.5850534 31.1370375 0 291.68 21269660.8210016 3448678.75659183 4 0 0 0 
1 120.5850501 31.1370387 0 290.46 21269660.5090607 3448678.8965594 4 0 0 0 
1 120.5850468 31.1370398 0 289.24 21269660.196878 3448679.02543519 4 0 0 0 
1 120.5850434 31.1370408 0 288.03 21269659.8749127 3448679.14342725 4 0 0 0 
1 120.5850401 31.1370418 0 286.81 21269659.5624881 3448679.26121126 4 0 0 0 
1 120.5850367 31.1370427 0 285.58 21269659.2402809 3448679.36811154 4 0 0 0 
1 120.5850333 31.1370436 0 284.36 21269658.9180737 3448679.47501183 4 0 0 0 
1 120.5850298 31.1370444 0 283.14 21269658.5860839 3448679.5710284 4 0 0 0 
1 120.5850263 31.1370452 0 281.91 21269658.2540941 3448679.66704497 4 0 0 0 
1 120.5850228 31.1370459 0 280.68 21269657.9218624 3448679.75196976 4 0 0 0 
1 120.5850193 31.1370465 0 279.47 21269657.5893889 3448679.82580276 4 0 0 0 
1 120.5850157 31.1370471 0 278.25 21269657.2473746 3448679.89984383 4 0 0 0 
1 120.5850121 31.1370476 0 277.05 21269656.9051185 3448679.96279312 4 0 0 0 
1 120.5850086 31.1370481 0 275.85 21269656.572403 3448680.02553436 4 0 0 0 
1 120.5850049 31.1370484 0 274.66 21269656.2201224 3448680.06650813 4 0 0 0 
1 120.5850013 31.1370487 0 273.47 21269655.8773825 3448680.10727385 4 0 0 0 
1 120.5849977 31.137049 0 272.33 21269655.5346425 3448680.14803959 4 0 0 0 
1 120.5849941 31.1370492 0 271.26 21269655.1916607 3448680.17771354 4 0 0 0 
1 120.5849905 31.1370493 0 270.24 21269654.848437 3448680.19629569 4 0 0 0 
1 120.5849869 31.1370494 0 269.3 21269654.5052133 3448680.21487787 4 0 0 0 
1 120.5849832 31.1370493 0 268.44 21269654.1519651 3448680.21148452 4 0 0 0 
1 120.5849796 31.1370492 0 267.66 21269653.8082577 3448680.20788311 4 0 0 0 
1 120.5849759 31.1370491 0 266.95 21269653.4550095 3448680.20448979 4 0 0 0 
1 120.5849723 31.1370489 0 266.35 21269653.1110601 3448680.18979661 4 0 0 0 
1 120.5849685 31.1370486 0 265.83 21269652.7477874 3448680.16442777 4 0 0 0 
1 120.5849649 31.1370484 0 265.37 21269652.403838 3448680.14973461 4 0 0 0 
1 120.5849611 31.1370481 0 264.96 21269652.0405653 3448680.12436581 4 0 0 0 
1 120.5849575 31.1370479 0 264.61 21269651.6966159 3448680.10967267 4 0 0 0 
1 120.5849537 31.1370475 0 264.31 21269651.3331013 3448680.07321209 4 0 0 0 
1 120.58495 31.1370472 0 264.05 21269650.9793693 3448680.04763525 4 0 0 0 
1 120.5849462 31.1370469 0 263.85 21269650.6160966 3448680.02226649 4 0 0 0 
1 120.5849425 31.1370465 0 263.7 21269650.2621226 3448679.98559787 4 0 0 0 
1 120.5849388 31.1370462 0 263.61 21269649.9083906 3448679.96002106 4 0 0 0 
1 120.5849351 31.1370458 0 263.55 21269649.5544167 3448679.92335247 4 0 0 0 
1 120.5849314 31.1370455 0 263.54 21269649.2006847 3448679.89777569 4 0 0 0 
1 120.5849277 31.1370451 0 263.56 21269648.8467108 3448679.86110712 4 0 0 0 
1 120.584924 31.1370447 0 263.59 21269648.4927369 3448679.82443856 4 0 0 0 
1 120.5849203 31.1370444 0 263.61 21269648.1390048 3448679.79886181 4 0 0 0 
1 120.5849166 31.137044 0 263.63 21269647.7850309 3448679.76219327 4 0 0 0 
1 120.5849129 31.1370437 0 263.67 21269647.4312989 3448679.73661655 4 0 0 0 
1 120.5849092 31.1370433 0 263.72 21269647.0773249 3448679.69994804 4 0 0 0 
1 120.5849056 31.1370429 0 263.8 21269646.7328917 3448679.66307147 4 0 0 0 
1 120.5849018 31.1370425 0 263.88 21269646.3693771 3448679.62661105 4 0 0 0 
1 120.5848981 31.1370421 0 263.96 21269646.0154031 3448679.58994258 4 0 0 0 
1 120.5848945 31.1370418 0 264.03 21269645.6712118 3448679.56415783 4 0 0 0 
1 120.5848908 31.1370415 0 264.09 21269645.3174797 3448679.53858118 4 0 0 0 
1 120.584887 31.1370412 0 264.15 21269644.954207 3448679.51321261 4 0 0 0 
1 120.5848832 31.1370408 0 264.23 21269644.5906923 3448679.47675226 4 0 0 0 
1 120.5848795 31.1370405 0 264.32 21269644.2369602 3448679.45117564 4 0 0 0 
1 120.5848757 31.1370402 0 264.4 21269643.8736875 3448679.42580711 4 0 0 0 
1 120.5848719 31.1370399 0 264.47 21269643.5104147 3448679.40043859 4 0 0 0 
1 120.5848682 31.1370395 0 264.54 21269643.1564407 3448679.36377021 4 0 0 0 
1 120.5848644 31.1370392 0 264.62 21269642.7931679 3448679.33840171 4 0 0 0 
1 120.5848607 31.1370389 0 264.68 21269642.4394359 3448679.31282516 4 0 0 0 
1 120.5848569 31.1370386 0 264.71 21269642.0761631 3448679.28745669 4 0 0 0 
1 120.5848531 31.1370383 0 264.75 21269641.7128903 3448679.26208823 4 0 0 0 
1 120.5848494 31.1370379 0 264.82 21269641.3589163 3448679.22541991 4 0 0 0 
1 120.5848456 31.1370376 0 264.89 21269640.9956435 3448679.20005147 4 0 0 0 
1 120.5848418 31.1370374 0 264.93 21269640.6326126 3448679.18577485 4 0 0 0 
1 120.584838 31.1370371 0 264.96 21269640.2693398 3448679.16040645 4 0 0 0 
1 120.5848342 31.1370368 0 265.01 21269639.906067 3448679.13503805 4 0 0 0 
1 120.5848304 31.1370365 0 265.06 21269639.5427942 3448679.10966966 4 0 0 0 
1 120.5848266 31.1370362 0 265.11 21269639.1795214 3448679.08430129 4 0 0 0 
1 120.5848227 31.1370359 0 265.16 21269638.8067079 3448679.05914102 4 0 0 0 
1 120.5848188 31.1370357 0 265.21 21269638.4341363 3448679.04507255 4 0 0 0 
1 120.584815 31.1370354 0 265.27 21269638.0708634 3448679.01970422 4 0 0 0 
1 120.584811 31.1370351 0 265.32 21269637.6885092 3448678.99475206 4 0 0 0 
1 120.5848071 31.1370348 0 265.38 21269637.3156957 3448678.96959183 4 0 0 0 
1 120.5848032 31.1370345 0 265.43 21269636.9428821 3448678.94443162 4 0 0 0 
1 120.5847992 31.1370343 0 265.48 21269636.5607698 3448678.9305713 4 0 0 0 
1 120.5847952 31.137034 0 265.55 21269636.1784155 3448678.9056192 4 0 0 0 
1 120.5847912 31.1370338 0 265.61 21269635.7963032 3448678.89175891 4 0 0 0 
1 120.5847871 31.1370335 0 265.67 21269635.4044082 3448678.86701491 4 0 0 0 
1 120.5847831 31.1370333 0 265.73 21269635.0222958 3448678.85315465 4 0 0 0 
1 120.584779 31.137033 0 265.8 21269634.6304009 3448678.82841068 4 0 0 0 
1 120.5847748 31.1370327 0 265.86 21269634.2289652 3448678.80387482 4 0 0 0 
1 120.5847707 31.1370325 0 265.91 21269633.8373121 3448678.79022268 4 0 0 0 
1 120.5847665 31.1370323 0 265.95 21269633.4361183 3448678.77677864 4 0 0 0 
1 120.5847622 31.137032 0 265.97 21269633.0251419 3448678.75245091 4 0 0 0 
1 120.584758 31.1370318 0 265.99 21269632.6239481 3448678.7390069 4 0 0 0 
1 120.5847537 31.1370315 0 266.01 21269632.2129717 3448678.7146792 4 0 0 0 
1 120.5847493 31.1370313 0 266.02 21269631.7926964 3448678.7016514 4 0 0 0 
1 120.584745 31.1370311 0 266.04 21269631.3819619 3448678.68841552 4 0 0 0 
1 120.5847406 31.1370309 0 266.07 21269630.9616867 3448678.67538775 4 0 0 0 
1 120.5847361 31.1370306 0 266.08 21269630.5316288 3448678.65147629 4 0 0 0 
1 120.5847316 31.1370303 0 266.09 21269630.101571 3448678.62756484 4 0 0 0 
1 120.5847271 31.1370301 0 266.11 21269629.671755 3448678.61474521 4 0 0 0 
1 120.5847226 31.1370299 0 266.12 21269629.2419391 3448678.6019256 4 0 0 0 
1 120.584718 31.1370296 0 266.13 21269628.8023405 3448678.57822229 4 0 0 0 
1 120.5847134 31.1370293 0 266.14 21269628.3627419 3448678.554519 4 0 0 0 
1 120.5847086 31.137029 0 266.15 21269627.9040619 3448678.53123191 4 0 0 0 
1 120.584704 31.1370287 0 266.15 21269627.4644633 3448678.50752866 4 0 0 0 
1 120.5846992 31.1370285 0 266.16 21269627.0060251 3448678.49533341 4 0 0 0 
1 120.5846944 31.1370282 0 266.18 21269626.5473451 3448678.47204638 4 0 0 0 
1 120.5846897 31.137028 0 266.2 21269626.0984477 3448678.45964307 4 0 0 0 
1 120.5846849 31.1370277 0 266.2 21269625.6397677 3448678.43635608 4 0 0 0 
1 120.5846801 31.1370275 0 266.21 21269625.1813295 3448678.42416091 4 0 0 0 
1 120.5846753 31.1370272 0 266.24 21269624.7226495 3448678.40087396 4 0 0 0 
1 120.5846705 31.1370269 0 266.25 21269624.2639694 3448678.37758702 4 0 0 0 
1 120.5846657 31.1370266 0 266.27 21269623.8052894 3448678.35430011 4 0 0 0 
1 120.5846608 31.1370264 0 266.29 21269623.3373105 3448678.34231311 4 0 0 0 
1 120.5846559 31.1370261 0 266.3 21269622.8690898 3448678.31923433 4 0 0 0 
1 120.584651 31.1370258 0 266.3 21269622.400869 3448678.29615558 4 0 0 0 
1 120.5846461 31.1370255 0 266.3 21269621.9326482 3448678.27307684 4 0 0 0 
1 120.5846411 31.1370253 0 266.29 21269621.4551286 3448678.26129802 4 0 0 0 
1 120.5846362 31.137025 0 266.26 21269620.9869078 3448678.23821932 4 0 0 0 
1 120.5846312 31.1370248 0 266.26 21269620.5093882 3448678.22644054 4 0 0 0 
1 120.5846262 31.1370245 0 266.25 21269620.0316267 3448678.20356999 4 0 0 0 
1 120.5846212 31.1370242 0 266.25 21269619.5538652 3448678.18069945 4 0 0 0 
1 120.5846162 31.1370239 0 266.23 21269619.0761037 3448678.15782894 4 0 0 0 
1 120.5846111 31.1370236 0 266.19 21269618.5888015 3448678.13516654 4 0 0 0 
1 120.5846061 31.1370233 0 266.15 21269618.1110399 3448678.11229607 4 0 0 0 
1 120.5846011 31.1370231 0 266.15 21269617.6335203 3448678.10051742 4 0 0 0 
1 120.5845961 31.1370228 0 266.15 21269617.1557588 3448678.07764699 4 0 0 0 
1 120.5845911 31.1370226 0 266.11 21269616.6782392 3448678.06586839 4 0 0 0 
1 120.5845861 31.1370223 0 266.11 21269616.2004776 3448678.042998 4 0 0 0 
1 120.5845811 31.137022 0 266.1 21269615.7227161 3448678.02012764 4 0 0 0 
1 120.584576 31.1370217 0 266.08 21269615.2354138 3448677.9974654 4 0 0 0 
1 120.5845708 31.1370214 0 266.05 21269614.7385708 3448677.97501128 4 0 0 0 
1 120.5845657 31.137021 0 266.02 21269614.2510266 3448677.94125729 4 0 0 0 
1 120.5845606 31.1370208 0 266 21269613.7639663 3448677.92968691 4 0 0 0 
1 120.5845555 31.1370204 0 265.99 21269613.2764221 3448677.89593296 4 0 0 0 
1 120.5845504 31.1370201 0 265.98 21269612.7891198 3448677.87327084 4 0 0 0 
1 120.5845452 31.1370198 0 265.95 21269612.2922768 3448677.85081683 4 0 0 0 
1 120.5845401 31.1370196 0 265.94 21269611.8052164 3448677.83924655 4 0 0 0 
1 120.5845349 31.1370193 0 265.93 21269611.3083734 3448677.81679259 4 0 0 0 
1 120.5845298 31.1370191 0 265.93 21269610.821313 3448677.80522236 4 0 0 0 
1 120.5845247 31.1370188 0 265.92 21269610.3340107 3448677.78256034 4 0 0 0 
1 120.5845196 31.1370186 0 265.9 21269609.8469504 3448677.77099015 4 0 0 0 
1 120.5845145 31.1370183 0 265.89 21269609.3596481 3448677.74832818 4 0 0 0 
1 120.5845093 31.1370179 0 265.88 21269608.8625631 3448677.71478254 4 0 0 0 
1 120.5845041 31.1370176 0 265.87 21269608.3657201 3448677.69232872 4 0 0 0 
1 120.5844989 31.1370173 0 265.84 21269607.868877 3448677.66987492 4 0 0 0 
1 120.5844938 31.1370169 0 265.82 21269607.3813327 3448677.63612124 4 0 0 0 
1 120.5844886 31.1370166 0 265.81 21269606.8844897 3448677.61366749 4 0 0 0 
1 120.5844834 31.1370163 0 265.8 21269606.3876466 3448677.59121377 4 0 0 0 
1 120.5844782 31.137016 0 265.78 21269605.8908036 3448677.56876006 4 0 0 0 
1 120.5844731 31.1370157 0 265.76 21269605.4035012 3448677.54609827 4 0 0 0 
1 120.5844679 31.1370154 0 265.76 21269604.9066582 3448677.52364462 4 0 0 0 
1 120.5844627 31.1370151 0 265.76 21269604.4098151 3448677.50119098 4 0 0 0 
1 120.5844574 31.1370148 0 265.73 21269603.9034313 3448677.47894548 4 0 0 0 
1 120.5844522 31.1370145 0 265.71 21269603.4065882 3448677.4564919 4 0 0 0 
1 120.584447 31.1370142 0 265.7 21269602.9097452 3448677.43403833 4 0 0 0 
1 120.5844418 31.1370139 0 265.69 21269602.4129021 3448677.41158479 4 0 0 0 
1 120.5844365 31.1370135 0 265.67 21269601.9062763 3448677.37824759 4 0 0 0 
1 120.5844313 31.1370132 0 265.65 21269601.4094332 3448677.3557941 4 0 0 0 
1 120.584426 31.1370128 0 265.63 21269600.9028075 3448677.32245694 4 0 0 0 
1 120.5844208 31.1370124 0 265.63 21269600.4057224 3448677.28891169 4 0 0 0 
1 120.5844156 31.1370121 0 265.61 21269599.9088793 3448677.26645827 4 0 0 0 
1 120.5844103 31.1370117 0 265.6 21269599.4022535 3448677.23312118 4 0 0 0 
1 120.5844051 31.1370113 0 265.58 21269598.9051685 3448677.19957601 4 0 0 0 
1 120.5843998 31.1370109 0 265.58 21269598.3985427 3448677.16623897 4 0 0 0 
1 120.5843946 31.1370107 0 265.59 21269597.9019415 3448677.15487744 4 0 0 0 
1 120.5843893 31.1370103 0 265.59 21269597.3953157 3448677.12154045 4 0 0 0 
1 120.5843841 31.13701 0 265.58 21269596.8984726 3448677.09908717 4 0 0 0 
1 120.5843788 31.1370097 0 265.57 21269596.3920887 3448677.07684203 4 0 0 0 
1 120.5843736 31.1370093 0 265.58 21269595.8950036 3448677.04329699 4 0 0 0 
1 120.5843683 31.137009 0 265.58 21269595.3886198 3448677.0210519 4 0 0 0 
1 120.5843631 31.1370086 0 265.57 21269594.8915347 3448676.98750691 4 0 0 0 
1 120.5843578 31.1370082 0 265.56 21269594.3849088 3448676.95417006 4 0 0 0 
1 120.5843525 31.1370079 0 265.57 21269593.878525 3448676.93192504 4 0 0 0 
1 120.5843473 31.1370076 0 265.58 21269593.3816818 3448676.90947192 4 0 0 0 
1 120.5843419 31.1370072 0 265.58 21269592.8655153 3448676.87634327 4 0 0 0 
1 120.5843365 31.1370069 0 265.58 21269592.3495906 3448676.85430644 4 0 0 0 
1 120.5843312 31.1370066 0 265.6 21269591.8432068 3448676.83206152 4 0 0 0 
1 120.5843259 31.1370062 0 265.62 21269591.3365809 3448676.79872482 4 0 0 0 
1 120.5843206 31.137006 0 265.63 21269590.830439 3448676.78757174 4 0 0 0 
1 120.5843153 31.1370056 0 265.62 21269590.3238131 3448676.75423509 4 0 0 0 
1 120.5843099 31.1370054 0 265.63 21269589.8081304 3448676.74329019 4 0 0 0 
1 120.5843046 31.137005 0 265.64 21269589.3015046 3448676.70995358 4 0 0 0 
1 120.5842992 31.1370046 0 265.63 21269588.785338 3448676.67682513 4 0 0 0 
1 120.5842939 31.1370043 0 265.61 21269588.278954 3448676.65458037 4 0 0 0 
1 120.5842886 31.137004 0 265.6 21269587.7725701 3448676.63233564 4 0 0 0 
1 120.5842832 31.1370036 0 265.59 21269587.2564035 3448676.59920726 4 0 0 0 
1 120.5842779 31.1370033 0 265.58 21269586.7500196 3448676.57696258 4 0 0 0 
1 120.5842725 31.1370029 0 265.55 21269586.2338529 3448676.54383425 4 0 0 0 
1 120.5842672 31.1370026 0 265.54 21269585.727469 3448676.52158961 4 0 0 0 
1 120.5842618 31.1370023 0 265.53 21269585.2115443 3448676.49955313 4 0 0 0 
1 120.5842563 31.1370019 0 265.52 21269584.685837 3448676.46663301 4 0 0 0 
1 120.5842509 31.1370016 0 265.49 21269584.1699123 3448676.44459658 4 0 0 0 
1 120.5842455 31.1370013 0 265.48 21269583.6539876 3448676.42256017 4 0 0 0 
1 120.5842401 31.1370009 0 265.45 21269583.137821 3448676.38943199 4 0 0 0 
1 120.5842347 31.1370006 0 265.45 21269582.6218963 3448676.36739564 4 0 0 0 
1 120.5842292 31.1370003 0 265.45 21269582.0964309 3448676.34556744 4 0 0 0 
1 120.5842238 31.1369999 0 265.45 21269581.5802642 3448676.31243933 4 0 0 0 
1 120.5842184 31.1369995 0 265.47 21269581.0640975 3448676.27931125 4 0 0 0 
1 120.584213 31.1369991 0 265.47 21269580.5479309 3448676.24618319 4 0 0 0 
1 120.5842075 31.1369987 0 265.47 21269580.0222235 3448676.2132633 4 0 0 0 
1 120.5842021 31.1369984 0 265.47 21269579.5062988 3448676.19122709 4 0 0 0 
1 120.5841966 31.1369981 0 265.48 21269578.9808333 3448676.16939905 4 0 0 0 
1 120.5841911 31.1369977 0 265.49 21269578.4551259 3448676.13647923 4 0 0 0 
1 120.5841856 31.1369974 0 265.5 21269577.9296605 3448676.11465124 4 0 0 0 
1 120.5841801 31.136997 0 265.49 21269577.403953 3448676.08173147 4 0 0 0 
1 120.5841746 31.1369966 0 265.49 21269576.8782456 3448676.04881173 4 0 0 0 
1 120.5841691 31.1369963 0 265.51 21269576.3527801 3448676.02698381 4 0 0 0 
1 120.5841635 31.1369959 0 265.53 21269575.817532 3448675.99427226 4 0 0 0 
1 120.584158 31.1369956 0 265.52 21269575.2920665 3448675.9724444 4 0 0 0 
1 120.5841525 31.1369952 0 265.51 21269574.7663591 3448675.93952476 4 0 0 0 
1 120.5841469 31.1369948 0 265.52 21269574.2311109 3448675.90681328 4 0 0 0 
1 120.5841413 31.1369944 0 265.52 21269573.6958627 3448675.87410184 4 0 0 0 
1 120.5841357 31.1369941 0 265.5 21269573.1608565 3448675.85248222 4 0 0 0 
1 120.5841301 31.1369937 0 265.49 21269572.6256083 3448675.81977083 4 0 0 0 
1 120.5841246 31.1369934 0 265.49 21269572.1001428 3448675.79794312 4 0 0 0 
1 120.5841191 31.136993 0 265.49 21269571.5744353 3448675.76502364 4 0 0 0 
1 120.5841136 31.1369927 0 265.49 21269571.0489698 3448675.74319599 4 0 0 0 
1 120.5841081 31.1369923 0 265.49 21269570.5232623 3448675.71027656 4 0 0 0 
1 120.5841026 31.1369919 0 265.49 21269569.9975548 3448675.67735716 4 0 0 0 
1 120.5840971 31.1369916 0 265.5 21269569.4720893 3448675.65552958 4 0 0 0 
1 120.5840916 31.1369911 0 265.49 21269568.9461398 3448675.61151843 4 0 0 0 
1 120.5840862 31.1369908 0 265.48 21269568.430215 3448675.58948276 4 0 0 0 
1 120.5840808 31.1369904 0 265.48 21269567.9140482 3448675.55635532 4 0 0 0 
1 120.5840754 31.13699 0 265.5 21269567.3978814 3448675.5232279 4 0 0 0 
1 120.5840699 31.1369896 0 265.5 21269566.8721739 3448675.49030865 4 0 0 0 
1 120.5840645 31.1369893 0 265.48 21269566.356249 3448675.46827309 4 0 0 0 
1 120.5840592 31.136989 0 265.48 21269565.8498649 3448675.4460294 4 0 0 0 
1 120.5840538 31.1369886 0 265.5 21269565.3336981 3448675.41290208 4 0 0 0 
1 120.5840485 31.1369882 0 265.48 21269564.827072 3448675.37956664 4 0 0 0 
1 120.5840432 31.1369879 0 265.47 21269564.3206879 3448675.35732303 4 0 0 0 
1 120.584038 31.1369876 0 265.48 21269563.8238444 3448675.33487129 4 0 0 0 
1 120.5840327 31.1369872 0 265.49 21269563.3172183 3448675.30153593 4 0 0 0 
1 120.5840276 31.1369868 0 265.48 21269562.8296736 3448675.26778428 4 0 0 0 
1 120.5840224 31.1369864 0 265.48 21269562.3325882 3448675.23424081 4 0 0 0 
1 120.5840172 31.1369861 0 265.49 21269561.8357448 3448675.21178917 4 0 0 0 
1 120.5840121 31.1369858 0 265.49 21269561.3484421 3448675.1891294 4 0 0 0 
1 120.584007 31.1369854 0 265.49 21269560.8608974 3448675.15537785 4 0 0 0 
1 120.5840019 31.1369851 0 265.48 21269560.3735946 3448675.13271812 4 0 0 0 
1 120.5839968 31.1369848 0 265.46 21269559.8862919 3448675.11005842 4 0 0 0 
1 120.5839918 31.1369844 0 265.44 21269559.4082879 3448675.07609878 4 0 0 0 
1 120.5839867 31.1369841 0 265.42 21269558.9209852 3448675.05343912 4 0 0 0 
1 120.5839816 31.1369837 0 265.4 21269558.4334405 3448675.01968768 4 0 0 0 
1 120.5839767 31.1369833 0 265.37 21269557.9649772 3448674.98551996 4 0 0 0 
1 120.5839717 31.136983 0 265.35 21269557.4872151 3448674.96265221 4 0 0 0 
1 120.5839668 31.1369826 0 265.34 21269557.0187518 3448674.92848453 4 0 0 0 
1 120.5839618 31.1369823 0 265.35 21269556.5409898 3448674.90561682 4 0 0 0 
1 120.583957 31.1369819 0 265.34 21269556.0820672 3448674.87124103 4 0 0 0 
1 120.5839521 31.1369816 0 265.34 21269555.6138459 3448674.84816521 4 0 0 0 
1 120.5839473 31.1369813 0 265.34 21269555.1551653 3448674.82488126 4 0 0 0 
1 120.5839424 31.1369809 0 265.36 21269554.686702 3448674.79071368 4 0 0 0 
1 120.5839376 31.1369806 0 265.36 21269554.2280214 3448674.76742977 4 0 0 0 
1 120.5839328 31.1369803 0 265.35 21269553.7693407 3448674.74414587 4 0 0 0 
1 120.583928 31.13698 0 265.36 21269553.3106601 3448674.720862 4 0 0 0 
1 120.5839232 31.1369796 0 265.37 21269552.8517375 3448674.68648634 4 0 0 0 
1 120.5839185 31.1369793 0 265.38 21269552.4025976 3448674.66299435 4 0 0 0 
1 120.5839137 31.136979 0 265.38 21269551.943917 3448674.63971054 4 0 0 0 
1 120.583909 31.1369787 0 265.36 21269551.4947771 3448674.61621858 4 0 0 0 
1 120.5839043 31.1369784 0 265.34 21269551.0456371 3448674.59272665 4 0 0 0 
1 120.5838996 31.1369781 0 265.32 21269550.5964972 3448674.56923473 4 0 0 0 
1 120.583895 31.1369777 0 265.31 21269550.156656 3448674.53444288 4 0 0 0 
1 120.5838903 31.1369773 0 265.29 21269549.7072741 3448674.49985919 4 0 0 0 
1 120.5838856 31.136977 0 265.26 21269549.2581342 3448674.47636734 4 0 0 0 
1 120.583881 31.1369767 0 265.24 21269548.8185349 3448674.45266733 4 0 0 0 
1 120.5838764 31.1369763 0 265.23 21269548.3786937 3448674.41787555 4 0 0 0 
1 120.5838719 31.136976 0 265.21 21269547.9486352 3448674.39396742 4 0 0 0 
1 120.5838673 31.1369757 0 265.18 21269547.509036 3448674.37026748 4 0 0 0 
1 120.5838628 31.1369754 0 265.16 21269547.0789775 3448674.34635938 4 0 0 0 
1 120.5838582 31.1369751 0 265.14 21269546.6393783 3448674.32265947 4 0 0 0 
1 120.5838537 31.1369748 0 265.11 21269546.2093198 3448674.29875142 4 0 0 0 
1 120.5838492 31.1369745 0 265.09 21269545.7792613 3448674.27484338 4 0 0 0 
1 120.5838447 31.1369742 0 265.09 21269545.3492027 3448674.25093535 4 0 0 0 
1 120.5838402 31.1369739 0 265.08 21269544.9191442 3448674.22702735 4 0 0 0 
1 120.5838357 31.1369736 0 265.11 21269544.4890857 3448674.20311936 4 0 0 0 
1 120.5838313 31.1369733 0 265.15 21269544.0685679 3448674.17900323 4 0 0 0 
