1 120.5852786 31.1358738 0 354.87 21269679.4921697 3448549.21282168 4 0 0 0 
1 120.5852786 31.1358738 0 354.87 21269679.4921697 3448549.21282168 4 0 0 0 
1 120.5852786 31.1358738 0 354.87 21269679.4921697 3448549.21282168 4 0 0 0 
1 120.5852786 31.1358738 0 354.87 21269679.4921697 3448549.21282168 4 0 0 0 
1 120.5852786 31.1358737 0 354.87 21269679.4919279 3448549.20172989 4 0 0 0 
1 120.5852786 31.1358737 0 354.87 21269679.4919279 3448549.20172989 4 0 0 0 
1 120.5852786 31.1358737 0 354.87 21269679.4919279 3448549.20172989 4 0 0 0 
1 120.5852786 31.1358737 0 354.87 21269679.4919279 3448549.20172989 4 0 0 0 
1 120.5852787 31.1358737 0 354.87 21269679.5014687 3448549.20152185 4 0 0 0 
1 120.5852787 31.1358737 0 354.87 21269679.5014687 3448549.20152185 4 0 0 0 
1 120.5852787 31.1358736 0 354.87 21269679.5012268 3448549.19043006 4 0 0 0 
1 120.5852787 31.1358736 0 354.87 21269679.5012268 3448549.19043006 4 0 0 0 
1 120.5852786 31.1358736 0 354.88 21269679.491686 3448549.19063809 4 0 0 0 
1 120.5852787 31.1358737 0 354.88 21269679.5014687 3448549.20152185 4 0 0 0 
1 120.5852786 31.1358737 0 354.87 21269679.4919279 3448549.20172989 4 0 0 0 
1 120.5852786 31.1358739 0 354.87 21269679.4924116 3448549.22391348 4 0 0 0 
1 120.5852786 31.1358741 0 354.86 21269679.4928953 3448549.24609707 4 0 0 0 
1 120.5852786 31.1358743 0 354.85 21269679.493379 3448549.26828066 4 0 0 0 
1 120.5852786 31.1358746 0 354.84 21269679.4941046 3448549.30155605 4 0 0 0 
1 120.5852785 31.135875 0 354.83 21269679.4855312 3448549.34613127 4 0 0 0 
1 120.5852785 31.1358753 0 354.81 21269679.4862567 3448549.37940666 4 0 0 0 
1 120.5852784 31.1358758 0 354.8 21269679.4779252 3448549.43507368 4 0 0 0 
1 120.5852784 31.1358763 0 354.78 21269679.4791345 3448549.49053266 4 0 0 0 
1 120.5852784 31.1358768 0 354.77 21269679.4803437 3448549.54599164 4 0 0 0 
1 120.5852783 31.1358775 0 354.74 21269679.4724959 3448549.62384225 4 0 0 0 
1 120.5852782 31.1358781 0 354.71 21269679.4644062 3448549.69060106 4 0 0 0 
1 120.5852781 31.1358789 0 354.67 21269679.4568002 3448549.77954347 4 0 0 0 
1 120.5852781 31.1358797 0 354.64 21269679.458735 3448549.86827783 4 0 0 0 
1 120.585278 31.1358805 0 354.62 21269679.4511291 3448549.95722024 4 0 0 0 
1 120.5852779 31.1358814 0 354.6 21269679.4437649 3448550.05725444 4 0 0 0 
1 120.5852777 31.1358822 0 354.57 21269679.4266181 3448550.14640488 4 0 0 0 
1 120.5852776 31.1358832 0 354.56 21269679.4194958 3448550.25753088 4 0 0 0 
1 120.5852775 31.1358842 0 354.55 21269679.4123736 3448550.36865688 4 0 0 0 
1 120.5852774 31.1358853 0 354.54 21269679.4054931 3448550.49087467 4 0 0 0 
1 120.5852773 31.1358864 0 354.54 21269679.3986127 3448550.61309246 4 0 0 0 
1 120.5852771 31.1358876 0 354.55 21269679.3824333 3448550.74661009 4 0 0 0 
1 120.5852769 31.1358889 0 354.55 21269679.3664958 3448550.89121951 4 0 0 0 
1 120.5852768 31.1358903 0 354.55 21269679.3603409 3448551.04671269 4 0 0 0 
1 120.5852767 31.1358916 0 354.57 21269679.3539442 3448551.19111408 4 0 0 0 
1 120.5852765 31.1358931 0 354.59 21269679.3384904 3448551.35790709 4 0 0 0 
1 120.5852763 31.1358949 0 354.62 21269679.3237622 3448551.5579755 4 0 0 0 
1 120.5852761 31.1358965 0 354.66 21269679.3085502 3448551.73586031 4 0 0 0 
1 120.585276 31.1358982 0 354.69 21269679.3031209 3448551.92462888 4 0 0 0 
1 120.5852758 31.1359 0 354.72 21269679.2883927 3448552.12469728 4 0 0 0 
1 120.5852756 31.1359018 0 354.75 21269679.2736644 3448552.32476568 4 0 0 0 
1 120.5852754 31.1359037 0 354.78 21269679.259178 3448552.53592588 4 0 0 0 
1 120.5852752 31.1359057 0 354.8 21269679.2449335 3448552.75817788 4 0 0 0 
1 120.585275 31.1359077 0 354.81 21269679.2306889 3448552.98042988 4 0 0 0 
1 120.5852748 31.1359097 0 354.83 21269679.2164444 3448553.20268187 4 0 0 0 
1 120.5852745 31.1359119 0 354.84 21269679.1931428 3448553.4473255 4 0 0 0 
1 120.5852743 31.1359141 0 354.86 21269679.1793819 3448553.69176109 4 0 0 0 
1 120.5852741 31.1359163 0 354.87 21269679.1656211 3448553.93619667 4 0 0 0 
1 120.5852739 31.1359185 0 354.91 21269679.1518603 3448554.18063226 4 0 0 0 
1 120.5852737 31.1359208 0 354.93 21269679.1383413 3448554.43615965 4 0 0 0 
1 120.5852734 31.1359233 0 354.96 21269679.1157653 3448554.71407866 4 0 0 0 
1 120.5852731 31.1359257 0 354.99 21269679.0929473 3448554.98090588 4 0 0 0 
1 120.5852728 31.1359283 0 355 21269679.0706131 3448555.26991669 4 0 0 0 
1 120.5852726 31.1359309 0 355.04 21269679.0578197 3448555.55871947 4 0 0 0 
1 120.5852723 31.1359335 0 355.07 21269679.0354855 3448555.84773028 4 0 0 0 
1 120.585272 31.1359363 0 355.09 21269679.013635 3448556.15892468 4 0 0 0 
1 120.5852718 31.1359391 0 355.12 21269679.0013253 3448556.46991105 4 0 0 0 
1 120.5852715 31.1359419 0 355.14 21269678.9794749 3448556.78110546 4 0 0 0 
1 120.5852713 31.1359449 0 355.17 21269678.9676489 3448557.11427542 4 0 0 0 
1 120.585271 31.1359479 0 355.19 21269678.9462821 3448557.44765341 4 0 0 0 
1 120.5852707 31.135951 0 355.23 21269678.9251572 3448557.79212321 4 0 0 0 
1 120.5852704 31.1359542 0 355.26 21269678.9042742 3448558.1476848 4 0 0 0 
1 120.5852702 31.1359574 0 355.31 21269678.8929319 3448558.50303835 4 0 0 0 
1 120.5852699 31.1359607 0 355.32 21269678.8722907 3448558.86969174 4 0 0 0 
1 120.5852697 31.135964 0 355.35 21269678.8611904 3448559.23613709 4 0 0 0 
1 120.5852694 31.1359674 0 355.38 21269678.840791 3448559.61388227 4 0 0 0 
1 120.5852691 31.1359708 0 355.41 21269678.8203917 3448559.99162746 4 0 0 0 
1 120.5852688 31.1359742 0 355.44 21269678.7999924 3448560.36937264 4 0 0 0 
1 120.5852686 31.1359776 0 355.5 21269678.7891339 3448560.74690979 4 0 0 0 
1 120.5852683 31.1359811 0 355.52 21269678.7689764 3448561.13574677 4 0 0 0 
1 120.585268 31.1359846 0 355.55 21269678.7488189 3448561.52458375 4 0 0 0 
1 120.5852677 31.1359881 0 355.54 21269678.7286615 3448561.91342074 4 0 0 0 
1 120.5852673 31.1359916 0 355.55 21269678.6989632 3448562.30246576 4 0 0 0 
1 120.5852669 31.1359952 0 355.53 21269678.6695068 3448562.70260257 4 0 0 0 
1 120.5852665 31.1359989 0 355.49 21269678.6402922 3448563.11383119 4 0 0 0 
1 120.5852662 31.1360025 0 355.44 21269678.6203766 3448563.51375997 4 0 0 0 
1 120.5852657 31.1360062 0 355.39 21269678.5816213 3448563.92519662 4 0 0 0 
1 120.5852653 31.1360099 0 355.36 21269678.5524067 3448564.33642523 4 0 0 0 
1 120.5852649 31.1360136 0 355.35 21269678.5231922 3448564.74765385 4 0 0 0 
1 120.5852645 31.1360174 0 355.33 21269678.4942195 3448565.16997426 4 0 0 0 
1 120.5852642 31.1360212 0 355.31 21269678.4747877 3448565.59208664 4 0 0 0 
1 120.5852638 31.1360251 0 355.3 21269678.4460569 3448566.02549885 4 0 0 0 
1 120.5852634 31.1360291 0 355.3 21269678.4175679 3448566.47000285 4 0 0 0 
1 120.585263 31.136033 0 355.28 21269678.3888371 3448566.90341506 4 0 0 0 
1 120.5852628 31.136037 0 355.29 21269678.3794298 3448567.34750299 4 0 0 0 
1 120.5852625 31.1360402 0 355.27 21269678.3585468 3448567.70306459 4 0 0 0 
1 120.5852619 31.136045 0 355.22 21269678.3129111 3448568.23671905 4 0 0 0 
1 120.5852615 31.136049 0 355.21 21269678.2844222 3448568.68122306 4 0 0 0 
1 120.5852612 31.1360533 0 355.2 21269678.2661997 3448569.15879442 4 0 0 0 
1 120.5852608 31.1360574 0 355.19 21269678.2379526 3448569.61439022 4 0 0 0 
1 120.5852604 31.1360615 0 355.18 21269678.2097056 3448570.06998603 4 0 0 0 
1 120.58526 31.1360657 0 355.16 21269678.1817004 3448570.53667363 4 0 0 0 
1 120.5852594 31.1360698 0 355.13 21269678.1343717 3448570.99268552 4 0 0 0 
1 120.585259 31.136074 0 355.13 21269678.1063665 3448571.45937312 4 0 0 0 
1 120.5852588 31.1360782 0 355.12 21269678.097443 3448571.92564465 4 0 0 0 
1 120.5852584 31.1360824 0 355.1 21269678.0694378 3448572.39233226 4 0 0 0 
1 120.5852579 31.1360867 0 355.08 21269678.0321337 3448572.8703197 4 0 0 0 
1 120.5852575 31.1360909 0 355.07 21269678.0041285 3448573.3370073 4 0 0 0 
1 120.5852571 31.1360951 0 355.08 21269677.9761233 3448573.80369491 4 0 0 0 
1 120.5852566 31.1360994 0 355.07 21269677.9388192 3448574.28168235 4 0 0 0 
1 120.5852562 31.1361037 0 355.06 21269677.9110559 3448574.75946176 4 0 0 0 
1 120.5852557 31.136108 0 355.07 21269677.8737519 3448575.2374492 4 0 0 0 
1 120.5852553 31.1361124 0 355.09 21269677.8462304 3448575.72632041 4 0 0 0 
1 120.5852549 31.1361167 0 355.11 21269677.8184672 3448576.20409981 4 0 0 0 
1 120.5852545 31.136121 0 355.12 21269677.7907039 3448576.68187922 4 0 0 0 
1 120.585254 31.1361254 0 355.14 21269677.7536417 3448577.17095846 4 0 0 0 
1 120.5852537 31.1361298 0 355.17 21269677.7356611 3448577.65962163 4 0 0 0 
1 120.5852533 31.1361342 0 355.18 21269677.7081397 3448578.14849283 4 0 0 0 
1 120.5852529 31.1361387 0 355.2 21269677.6808601 3448578.64845583 4 0 0 0 
1 120.5852525 31.1361432 0 355.24 21269677.6535806 3448579.14841884 4 0 0 0 
1 120.5852521 31.1361477 0 355.26 21269677.6263011 3448579.64838184 4 0 0 0 
1 120.5852517 31.1361522 0 355.28 21269677.5990216 3448580.14834484 4 0 0 0 
1 120.5852513 31.1361567 0 355.3 21269677.5717421 3448580.64830785 4 0 0 0 
1 120.5852509 31.1361612 0 355.32 21269677.5444626 3448581.14827085 4 0 0 0 
1 120.5852504 31.1361657 0 355.33 21269677.5076423 3448581.6484419 4 0 0 0 
1 120.58525 31.1361702 0 355.35 21269677.4803628 3448582.1484049 4 0 0 0 
1 120.5852496 31.1361747 0 355.37 21269677.4530833 3448582.64836791 4 0 0 0 
1 120.5852491 31.1361792 0 355.39 21269677.416263 3448583.14853896 4 0 0 0 
1 120.5852486 31.1361837 0 355.4 21269677.3794427 3448583.64871001 4 0 0 0 
1 120.5852481 31.1361882 0 355.43 21269677.3426224 3448584.14888106 4 0 0 0 
1 120.5852478 31.1361928 0 355.46 21269677.3251256 3448584.65972782 4 0 0 0 
1 120.5852474 31.1361973 0 355.48 21269677.2978461 3448585.15969083 4 0 0 0 
1 120.585247 31.1362018 0 355.5 21269677.2705667 3448585.65965384 4 0 0 0 
1 120.5852466 31.1362064 0 355.52 21269677.2435291 3448586.17070865 4 0 0 0 
1 120.5852461 31.1362109 0 355.55 21269677.2067088 3448586.6708797 4 0 0 0 
1 120.5852457 31.1362155 0 355.57 21269677.1796713 3448587.18193451 4 0 0 0 
1 120.5852453 31.13622 0 355.58 21269677.1523918 3448587.68189752 4 0 0 0 
1 120.5852449 31.1362246 0 355.6 21269677.1253542 3448588.19295233 4 0 0 0 
1 120.5852444 31.1362292 0 355.61 21269677.0887759 3448588.70421518 4 0 0 0 
1 120.585244 31.1362338 0 355.63 21269677.0617383 3448589.21526999 4 0 0 0 
1 120.5852435 31.1362384 0 355.65 21269677.02516 3448589.72653284 4 0 0 0 
1 120.5852431 31.136243 0 355.67 21269676.9981224 3448590.23758766 4 0 0 0 
1 120.5852428 31.1362476 0 355.73 21269676.9806256 3448590.74843443 4 0 0 0 
1 120.5852424 31.1362522 0 355.79 21269676.9535881 3448591.25948924 4 0 0 0 
1 120.585242 31.1362568 0 355.83 21269676.9265506 3448591.77054406 4 0 0 0 
1 120.5852416 31.1362614 0 355.86 21269676.899513 3448592.28159887 4 0 0 0 
1 120.5852412 31.136266 0 355.91 21269676.8724755 3448592.79265368 4 0 0 0 
1 120.5852408 31.1362706 0 355.95 21269676.845438 3448593.3037085 4 0 0 0 
1 120.5852404 31.1362752 0 355.95 21269676.8184005 3448593.81476332 4 0 0 0 
1 120.58524 31.1362797 0 355.96 21269676.7911211 3448594.31472634 4 0 0 0 
1 120.5852396 31.1362843 0 355.99 21269676.7640836 3448594.82578115 4 0 0 0 
1 120.5852393 31.1362888 0 356.01 21269676.746345 3448595.32553613 4 0 0 0 
1 120.5852389 31.1362933 0 356.02 21269676.7190656 3448595.82549915 4 0 0 0 
1 120.5852386 31.1362979 0 356.04 21269676.7015689 3448596.33634593 4 0 0 0 
1 120.5852382 31.1363024 0 356.06 21269676.6742896 3448596.83630895 4 0 0 0 
1 120.5852379 31.1363069 0 356.08 21269676.656551 3448597.33606394 4 0 0 0 
1 120.5852375 31.1363115 0 356.1 21269676.6295136 3448597.84711876 4 0 0 0 
1 120.5852372 31.136316 0 356.11 21269676.611775 3448598.34687374 4 0 0 0 
1 120.5852368 31.1363205 0 356.11 21269676.5844957 3448598.84683676 4 0 0 0 
1 120.5852364 31.136325 0 356.12 21269676.5572163 3448599.34679979 4 0 0 0 
1 120.5852361 31.1363295 0 356.13 21269676.5394778 3448599.84655477 4 0 0 0 
1 120.5852357 31.1363339 0 356.13 21269676.5119566 3448600.335426 4 0 0 0 
1 120.5852353 31.1363384 0 356.1 21269676.4846773 3448600.83538903 4 0 0 0 
1 120.5852349 31.1363428 0 356.09 21269676.4571562 3448601.32426026 4 0 0 0 
1 120.5852347 31.1363473 0 356.11 21269676.4489584 3448601.8238072 4 0 0 0 
1 120.5852343 31.1363517 0 356.09 21269676.4214372 3448602.31267844 4 0 0 0 
1 120.5852338 31.1363562 0 356.04 21269676.3846172 3448602.81284951 4 0 0 0 
1 120.5852334 31.1363606 0 356.02 21269676.357096 3448603.30172074 4 0 0 0 
1 120.5852331 31.136365 0 356 21269676.3391157 3448603.79038393 4 0 0 0 
1 120.5852328 31.1363694 0 355.98 21269676.3211353 3448604.27904712 4 0 0 0 
1 120.5852324 31.1363738 0 355.96 21269676.2936142 3448604.76791836 4 0 0 0 
1 120.5852321 31.1363781 0 355.91 21269676.275392 3448605.24548975 4 0 0 0 
1 120.5852315 31.1363824 0 355.85 21269676.2285474 3448605.72368528 4 0 0 0 
1 120.5852311 31.1363867 0 355.82 21269676.2007844 3448606.20146472 4 0 0 0 
1 120.5852307 31.1363911 0 355.78 21269676.1732633 3448606.69033595 4 0 0 0 
1 120.5852303 31.1363954 0 355.71 21269676.1455003 3448607.16811539 4 0 0 0 
1 120.58523 31.1363997 0 355.63 21269676.1272781 3448607.64568679 4 0 0 0 
1 120.5852296 31.136404 0 355.56 21269676.0995152 3448608.12346623 4 0 0 0 
1 120.5852292 31.1364082 0 355.49 21269676.0715103 3448608.59015388 4 0 0 0 
1 120.5852289 31.1364125 0 355.4 21269676.0532882 3448609.06772528 4 0 0 0 
1 120.5852285 31.1364168 0 355.34 21269676.0255252 3448609.54550472 4 0 0 0 
1 120.5852281 31.136421 0 355.33 21269675.9975204 3448610.01219236 4 0 0 0 
1 120.5852277 31.1364252 0 355.33 21269675.9695156 3448610.47888001 4 0 0 0 
1 120.5852273 31.1364294 0 355.34 21269675.9415108 3448610.94556766 4 0 0 0 
1 120.5852268 31.1364336 0 355.35 21269675.9039652 3448611.41246335 4 0 0 0 
1 120.5852264 31.1364378 0 355.36 21269675.8759604 3448611.879151 4 0 0 0 
1 120.5852261 31.136442 0 355.38 21269675.8574964 3448612.3456306 4 0 0 0 
1 120.5852258 31.1364462 0 355.41 21269675.8390324 3448612.81211021 4 0 0 0 
1 120.5852254 31.1364504 0 355.44 21269675.8110276 3448613.27879786 4 0 0 0 
1 120.585225 31.1364545 0 355.45 21269675.782781 3448613.73439371 4 0 0 0 
1 120.5852246 31.1364587 0 355.47 21269675.7547762 3448614.20108136 4 0 0 0 
1 120.5852243 31.1364628 0 355.51 21269675.7360704 3448614.65646917 4 0 0 0 
1 120.5852239 31.1364669 0 355.53 21269675.7078237 3448615.11206503 4 0 0 0 
1 120.5852235 31.1364711 0 355.55 21269675.679819 3448615.57875268 4 0 0 0 
1 120.5852232 31.1364751 0 355.56 21269675.6608713 3448616.0230487 4 0 0 0 
1 120.5852229 31.1364783 0 355.57 21269675.6399886 3448616.37861033 4 0 0 0 
1 120.5852225 31.1364832 0 355.59 21269675.6136769 3448616.92294057 4 0 0 0 
1 120.5852222 31.1364873 0 355.6 21269675.5949711 3448617.37832838 4 0 0 0 
1 120.5852218 31.1364914 0 355.6 21269675.5667245 3448617.83392424 4 0 0 0 
1 120.5852215 31.1364954 0 355.59 21269675.5477768 3448618.27822026 4 0 0 0 
1 120.5852212 31.1364993 0 355.6 21269675.5285873 3448618.71142448 4 0 0 0 
1 120.5852209 31.1365033 0 355.6 21269675.5096396 3448619.15572049 4 0 0 0 
1 120.5852205 31.1365072 0 355.59 21269675.4809093 3448619.58913276 4 0 0 0 
1 120.5852202 31.1365112 0 355.58 21269675.4619616 3448620.03342878 4 0 0 0 
1 120.5852199 31.1365151 0 355.58 21269675.442772 3448620.466633 4 0 0 0 
1 120.5852195 31.136519 0 355.57 21269675.4140417 3448620.90004527 4 0 0 0 
1 120.5852193 31.136523 0 355.57 21269675.4046348 3448621.34413324 4 0 0 0 
1 120.5852189 31.1365269 0 355.56 21269675.3759045 3448621.77754551 4 0 0 0 
1 120.5852186 31.1365308 0 355.55 21269675.356715 3448622.21074973 4 0 0 0 
1 120.5852182 31.1365347 0 355.54 21269675.3279847 3448622.644162 4 0 0 0 
1 120.5852179 31.1365386 0 355.54 21269675.3087952 3448623.07736623 4 0 0 0 
1 120.5852175 31.1365424 0 355.54 21269675.279823 3448623.4996867 4 0 0 0 
1 120.5852171 31.1365462 0 355.55 21269675.2508509 3448623.92200717 4 0 0 0 
1 120.5852168 31.1365501 0 355.54 21269675.2316614 3448624.3552114 4 0 0 0 
1 120.5852165 31.1365538 0 355.54 21269675.2119882 3448624.76623203 4 0 0 0 
1 120.5852162 31.1365576 0 355.55 21269675.1925568 3448625.18834446 4 0 0 0 
1 120.5852159 31.1365614 0 355.56 21269675.1731254 3448625.61045689 4 0 0 0 
1 120.5852155 31.1365652 0 355.56 21269675.1441533 3448626.03277736 4 0 0 0 
1 120.5852152 31.1365689 0 355.55 21269675.1244801 3448626.44379799 4 0 0 0 
1 120.5852149 31.1365727 0 355.55 21269675.1050487 3448626.86591042 4 0 0 0 
1 120.5852146 31.1365764 0 355.54 21269675.0853755 3448627.27693106 4 0 0 0 
1 120.5852142 31.1365801 0 355.53 21269675.0561615 3448627.68815974 4 0 0 0 
1 120.5852138 31.1365837 0 355.52 21269675.0267057 3448628.08829662 4 0 0 0 
1 120.5852135 31.1365874 0 355.51 21269675.0070325 3448628.49931725 4 0 0 0 
1 120.5852132 31.136591 0 355.49 21269674.9871174 3448628.89924609 4 0 0 0 
1 120.5852129 31.1365947 0 355.48 21269674.9674442 3448629.31026672 4 0 0 0 
1 120.5852125 31.1365983 0 355.49 21269674.9379884 3448629.71040361 4 0 0 0 
1 120.5852121 31.1366019 0 355.49 21269674.9085326 3448630.11054049 4 0 0 0 
1 120.5852118 31.1366055 0 355.49 21269674.8886175 3448630.51046933 4 0 0 0 
1 120.5852115 31.1366091 0 355.48 21269674.8687024 3448630.91039817 4 0 0 0 
1 120.5852111 31.1366128 0 355.46 21269674.8394885 3448631.32162685 4 0 0 0 
1 120.5852107 31.1366164 0 355.46 21269674.8100327 3448631.72176374 4 0 0 0 
1 120.5852105 31.13662 0 355.47 21269674.7996584 3448632.12148453 4 0 0 0 
1 120.5852102 31.1366236 0 355.47 21269674.7797434 3448632.52141338 4 0 0 0 
1 120.5852098 31.1366272 0 355.46 21269674.7502876 3448632.92155026 4 0 0 0 
1 120.5852094 31.1366308 0 355.46 21269674.7208318 3448633.32168715 4 0 0 0 
1 120.5852091 31.1366342 0 355.45 21269674.700433 3448633.6994324 4 0 0 0 
1 120.5852087 31.1366378 0 355.45 21269674.6709772 3448634.09956928 4 0 0 0 
1 120.5852083 31.1366414 0 355.44 21269674.6415215 3448634.49970617 4 0 0 0 
1 120.585208 31.1366449 0 355.43 21269674.6213646 3448634.88854322 4 0 0 0 
1 120.5852077 31.1366484 0 355.43 21269674.6012077 3448635.27738026 4 0 0 0 
1 120.5852074 31.1366519 0 355.42 21269674.5810508 3448635.66621731 4 0 0 0 
1 120.5852072 31.1366555 0 355.42 21269674.5706765 3448636.06593811 4 0 0 0 
1 120.5852069 31.136659 0 355.42 21269674.5505196 3448636.45477516 4 0 0 0 
1 120.5852065 31.1366625 0 355.42 21269674.520822 3448636.84382025 4 0 0 0 
1 120.5852062 31.136666 0 355.42 21269674.5006651 3448637.2326573 4 0 0 0 
1 120.5852059 31.1366695 0 355.41 21269674.4805083 3448637.62149435 4 0 0 0 
1 120.5852056 31.136673 0 355.42 21269674.4603514 3448638.01033139 4 0 0 0 
1 120.5852052 31.1366765 0 355.42 21269674.4306538 3448638.39937649 4 0 0 0 
1 120.5852049 31.1366799 0 355.42 21269674.4102551 3448638.77712174 4 0 0 0 
1 120.5852046 31.1366834 0 355.41 21269674.3900982 3448639.16595879 4 0 0 0 
1 120.5852043 31.1366869 0 355.41 21269674.3699414 3448639.55479584 4 0 0 0 
1 120.5852039 31.1366904 0 355.41 21269674.3402438 3448639.94384094 4 0 0 0 
1 120.5852036 31.1366938 0 355.4 21269674.319845 3448640.32158619 4 0 0 0 
1 120.5852034 31.1366974 0 355.41 21269674.3094708 3448640.72130699 4 0 0 0 
1 120.5852031 31.1367009 0 355.41 21269674.289314 3448641.11014404 4 0 0 0 
1 120.5852028 31.1367043 0 355.4 21269674.2689153 3448641.4878893 4 0 0 0 
1 120.5852025 31.1367078 0 355.39 21269674.2487584 3448641.87672635 4 0 0 0 
1 120.5852021 31.1367111 0 355.39 21269674.2185771 3448642.24358785 4 0 0 0 
1 120.5852018 31.1367145 0 355.39 21269674.1981784 3448642.62133311 4 0 0 0 
1 120.5852015 31.1367179 0 355.39 21269674.1777797 3448642.99907836 4 0 0 0 
1 120.5852011 31.1367213 0 355.39 21269674.1478403 3448643.37703166 4 0 0 0 
1 120.5852007 31.1367247 0 355.38 21269674.1179008 3448643.75498497 4 0 0 0 
1 120.5852003 31.1367281 0 355.38 21269674.0879614 3448644.13293827 4 0 0 0 
1 120.5852 31.1367315 0 355.37 21269674.0675627 3448644.51068353 4 0 0 0 
1 120.5851996 31.1367349 0 355.38 21269674.0376233 3448644.88863683 4 0 0 0 
1 120.5851993 31.1367382 0 355.39 21269674.0169827 3448645.25529029 4 0 0 0 
1 120.5851989 31.1367416 0 355.38 21269673.9870433 3448645.63324359 4 0 0 0 
1 120.5851986 31.1367449 0 355.36 21269673.9664028 3448645.99989705 4 0 0 0 
1 120.5851982 31.1367482 0 355.36 21269673.9362215 3448646.36675856 4 0 0 0 
1 120.5851979 31.1367516 0 355.36 21269673.9158228 3448646.74450382 4 0 0 0 
1 120.5851976 31.1367549 0 355.35 21269673.8951823 3448647.11115728 4 0 0 0 
1 120.5851972 31.1367582 0 355.34 21269673.865001 3448647.47801879 4 0 0 0 
1 120.5851969 31.1367615 0 355.36 21269673.8443605 3448647.84467225 4 0 0 0 
1 120.5851965 31.1367647 0 355.34 21269673.8139374 3448648.20044196 4 0 0 0 
1 120.5851961 31.136768 0 355.34 21269673.7837561 3448648.56730347 4 0 0 0 
1 120.5851959 31.1367712 0 355.33 21269673.7724145 3448648.92265709 4 0 0 0 
1 120.5851956 31.1367745 0 355.34 21269673.7517739 3448649.28931055 4 0 0 0 
1 120.5851952 31.1367778 0 355.34 21269673.7215927 3448649.65617207 4 0 0 0 
1 120.5851949 31.1367811 0 355.35 21269673.7009522 3448650.02282553 4 0 0 0 
1 120.5851945 31.1367844 0 355.33 21269673.6707709 3448650.38968704 4 0 0 0 
1 120.5851942 31.1367877 0 355.34 21269673.6501304 3448650.75634051 4 0 0 0 
1 120.5851938 31.136791 0 355.36 21269673.6199492 3448651.12320202 4 0 0 0 
1 120.5851935 31.1367942 0 355.35 21269673.5990668 3448651.47876369 4 0 0 0 
1 120.5851932 31.1367974 0 355.32 21269673.5781845 3448651.83432535 4 0 0 0 
1 120.5851928 31.1368006 0 355.31 21269673.5477614 3448652.19009507 4 0 0 0 
1 120.5851926 31.1368038 0 355.3 21269673.5364197 3448652.54544869 4 0 0 0 
1 120.5851923 31.136807 0 355.29 21269673.5155374 3448652.90101036 4 0 0 0 
1 120.585192 31.1368102 0 355.28 21269673.494655 3448653.25657203 4 0 0 0 
1 120.5851917 31.1368134 0 355.28 21269673.4737727 3448653.6121337 4 0 0 0 
1 120.5851915 31.1368165 0 355.3 21269673.4621892 3448653.95639552 4 0 0 0 
1 120.5851912 31.1368196 0 355.3 21269673.441065 3448654.30086539 4 0 0 0 
1 120.5851909 31.1368229 0 355.27 21269673.4204245 3448654.66751886 4 0 0 0 
1 120.5851906 31.136826 0 355.24 21269673.3993003 3448655.01198874 4 0 0 0 
1 120.5851903 31.1368292 0 355.2 21269673.3784179 3448655.36755041 4 0 0 0 
1 120.58519 31.1368324 0 355.18 21269673.3575356 3448655.72311208 4 0 0 0 
1 120.5851898 31.1368356 0 355.17 21269673.346194 3448656.0784657 4 0 0 0 
1 120.5851895 31.1368388 0 355.13 21269673.3253117 3448656.43402737 4 0 0 0 
1 120.5851893 31.136842 0 355.09 21269673.3139701 3448656.789381 4 0 0 0 
1 120.585189 31.1368451 0 355.05 21269673.2928459 3448657.13385087 4 0 0 0 
1 120.5851887 31.1368483 0 355 21269673.2719635 3448657.48941254 4 0 0 0 
1 120.5851884 31.1368515 0 354.96 21269673.2510812 3448657.84497422 4 0 0 0 
1 120.585188 31.1368547 0 354.92 21269673.2206582 3448658.20074394 4 0 0 0 
1 120.5851877 31.1368579 0 354.87 21269673.1997759 3448658.55630561 4 0 0 0 
1 120.5851875 31.136861 0 354.81 21269673.1881924 3448658.90056744 4 0 0 0 
1 120.5851872 31.1368642 0 354.76 21269673.1673101 3448659.25612911 4 0 0 0 
1 120.5851869 31.1368673 0 354.72 21269673.1461859 3448659.60059899 4 0 0 0 
1 120.5851866 31.1368704 0 354.69 21269673.1250617 3448659.94506887 4 0 0 0 
1 120.5851863 31.1368734 0 354.62 21269673.1036957 3448660.27844694 4 0 0 0 
1 120.5851859 31.1368766 0 354.56 21269673.0732727 3448660.63421667 4 0 0 0 
1 120.5851855 31.1368797 0 354.48 21269673.0426078 3448660.97889459 4 0 0 0 
1 120.5851851 31.1368829 0 354.41 21269673.0121847 3448661.33466432 4 0 0 0 
1 120.5851846 31.136886 0 354.34 21269672.9719791 3448661.67955029 4 0 0 0 
1 120.5851842 31.1368892 0 354.25 21269672.9415561 3448662.03532002 4 0 0 0 
1 120.5851838 31.1368923 0 354.14 21269672.9108912 3448662.37999795 4 0 0 0 
1 120.5851834 31.1368955 0 354 21269672.8804682 3448662.73576767 4 0 0 0 
1 120.5851831 31.1368987 0 353.82 21269672.8595859 3448663.09132935 4 0 0 0 
1 120.5851827 31.1369019 0 353.59 21269672.8291629 3448663.44709908 4 0 0 0 
1 120.5851823 31.1369051 0 353.35 21269672.7987399 3448663.8028688 4 0 0 0 
1 120.5851819 31.1369083 0 353.05 21269672.7683169 3448664.15863853 4 0 0 0 
1 120.5851815 31.1369115 0 352.72 21269672.7378939 3448664.51440826 4 0 0 0 
1 120.5851811 31.1369147 0 352.34 21269672.7074709 3448664.87017798 4 0 0 0 
1 120.5851807 31.1369178 0 351.93 21269672.6768061 3448665.21485591 4 0 0 0 
1 120.5851802 31.136921 0 351.46 21269672.6368424 3448665.57083369 4 0 0 0 
1 120.5851796 31.1369241 0 350.98 21269672.5870961 3448665.91592772 4 0 0 0 
1 120.5851791 31.1369273 0 350.49 21269672.5471324 3448666.2719055 4 0 0 0 
1 120.5851784 31.1369304 0 349.95 21269672.4878454 3448666.61720758 4 0 0 0 
1 120.5851778 31.1369336 0 349.45 21269672.438341 3448666.97339341 4 0 0 0 
1 120.5851771 31.1369368 0 348.95 21269672.3792958 3448667.32978729 4 0 0 0 
1 120.5851764 31.1369399 0 348.42 21269672.3200088 3448667.67508937 4 0 0 0 
1 120.5851757 31.1369429 0 347.87 21269672.26048 3448668.00929965 4 0 0 0 
1 120.585175 31.136946 0 347.32 21269672.201193 3448668.35460173 4 0 0 0 
1 120.5851742 31.1369491 0 346.76 21269672.1323653 3448668.70011187 4 0 0 0 
1 120.5851735 31.1369523 0 346.18 21269672.0733202 3448669.05650575 4 0 0 0 
1 120.5851727 31.1369555 0 345.6 21269672.0047344 3448669.41310768 4 0 0 0 
1 120.5851718 31.1369586 0 345.02 21269671.926366 3448669.75882587 4 0 0 0 
1 120.5851708 31.1369616 0 344.44 21269671.838215 3448670.0936603 4 0 0 0 
1 120.5851699 31.1369647 0 343.85 21269671.7598466 3448670.43937849 4 0 0 0 
1 120.5851688 31.1369677 0 343.28 21269671.6621549 3448670.77442098 4 0 0 0 
1 120.5851678 31.1369707 0 342.71 21269671.5740039 3448671.10925542 4 0 0 0 
1 120.5851667 31.1369737 0 342.12 21269671.4763122 3448671.44429792 4 0 0 0 
1 120.5851656 31.1369768 0 341.5 21269671.3788624 3448671.79043221 4 0 0 0 
1 120.5851645 31.1369798 0 340.88 21269671.2811708 3448672.12547471 4 0 0 0 
1 120.5851633 31.1369828 0 340.23 21269671.1739384 3448672.46072525 4 0 0 0 
1 120.5851621 31.1369857 0 339.61 21269671.0664641 3448672.78488401 4 0 0 0 
1 120.5851609 31.1369887 0 338.98 21269670.9592318 3448673.12013456 4 0 0 0 
1 120.5851596 31.1369916 0 338.34 21269670.8422168 3448673.44450136 4 0 0 0 
1 120.5851582 31.1369945 0 337.69 21269670.7156612 3448673.76907622 4 0 0 0 
1 120.5851569 31.1369975 0 337.02 21269670.5988881 3448674.10453483 4 0 0 0 
1 120.5851555 31.1370004 0 336.35 21269670.4723325 3448674.42910969 4 0 0 0 
1 120.5851541 31.1370033 0 335.67 21269670.3457769 3448674.75368456 4 0 0 0 
1 120.5851527 31.1370062 0 335.01 21269670.2192212 3448675.07825942 4 0 0 0 
1 120.5851511 31.137009 0 334.34 21269670.0733423 3448675.3921586 4 0 0 0 
1 120.5851495 31.1370119 0 333.65 21269669.9277053 3448675.71714957 4 0 0 0 
1 120.5851479 31.1370148 0 332.97 21269669.7820683 3448676.04214055 4 0 0 0 
1 120.5851463 31.1370176 0 332.32 21269669.6361894 3448676.35603973 4 0 0 0 
1 120.5851446 31.1370206 0 331.7 21269669.4812536 3448676.69233057 4 0 0 0 
1 120.5851428 31.1370235 0 331.08 21269669.3165351 3448677.01773766 4 0 0 0 
1 120.585141 31.1370263 0 330.45 21269669.1515749 3448677.33205296 4 0 0 0 
1 120.5851392 31.1370292 0 329.82 21269668.9868565 3448677.65746005 4 0 0 0 
1 120.5851373 31.137032 0 329.15 21269668.8123555 3448677.97198341 4 0 0 0 
1 120.5851354 31.1370348 0 328.44 21269668.6378545 3448678.28650677 4 0 0 0 
1 120.5851334 31.1370377 0 327.69 21269668.4540548 3448678.61232998 4 0 0 0 
1 120.5851313 31.1370405 0 326.91 21269668.2604724 3448678.92726946 4 0 0 0 
1 120.5851293 31.1370433 0 326.14 21269668.0764308 3448679.24200088 4 0 0 0 
1 120.5851272 31.1370461 0 325.35 21269667.8828484 3448679.55694036 4 0 0 0 
1 120.5851251 31.137049 0 324.54 21269667.689508 3448679.88297165 4 0 0 0 
1 120.5851229 31.1370518 0 323.69 21269667.486385 3448680.19811919 4 0 0 0 
1 120.5851206 31.1370546 0 322.82 21269667.2737212 3448680.5134748 4 0 0 0 
1 120.5851182 31.1370574 0 321.93 21269667.0515168 3448680.82903846 4 0 0 0 
1 120.5851158 31.13706 0 320.99 21269666.8288287 3448681.12241854 4 0 0 0 
1 120.5851133 31.1370627 0 319.99 21269666.5968417 3448681.42709847 4 0 0 0 
1 120.5851108 31.1370653 0 318.97 21269666.3646128 3448681.72068661 4 0 0 0 
1 120.5851082 31.137068 0 317.92 21269666.1230852 3448682.02557461 4 0 0 0 
1 120.5851054 31.1370707 0 316.83 21269665.8624761 3448682.33087873 4 0 0 0 
1 120.5851027 31.1370733 0 315.72 21269665.6111659 3448682.624883 4 0 0 0 
1 120.5851 31.1370758 0 314.61 21269665.3596138 3448682.90779548 4 0 0 0 
1 120.585097 31.1370783 0 313.46 21269665.0794396 3448683.19133214 4 0 0 0 
1 120.5850941 31.1370807 0 312.27 21269664.8085643 3448683.46356895 4 0 0 0 
1 120.5850911 31.1370831 0 311.09 21269664.5281482 3448683.73601382 4 0 0 0 
1 120.585088 31.1370854 0 309.96 21269664.2379496 3448683.99757496 4 0 0 0 
1 120.585085 31.1370877 0 308.84 21269663.9572917 3448684.25892806 4 0 0 0 
1 120.5850818 31.13709 0 307.71 21269663.6575524 3448684.52069728 4 0 0 0 
1 120.5850785 31.1370922 0 306.5 21269663.3480305 3448684.77158276 4 0 0 0 
1 120.5850752 31.1370943 0 305.25 21269663.0382668 3448685.01137646 4 0 0 0 
1 120.5850718 31.1370964 0 304.02 21269662.7189623 3448685.25137823 4 0 0 0 
1 120.5850684 31.1370984 0 302.81 21269662.399416 3448685.48028821 4 0 0 0 
1 120.585065 31.1371004 0 301.61 21269662.0798697 3448685.7091982 4 0 0 0 
1 120.5850614 31.1371024 0 300.42 21269661.741242 3448685.93852432 4 0 0 0 
1 120.5850578 31.1371043 0 299.29 21269661.4023725 3448686.15675865 4 0 0 0 
1 120.5850542 31.1371061 0 298.19 21269661.0632611 3448686.3639012 4 0 0 0 
1 120.5850505 31.1371078 0 297.08 21269660.714367 3448686.56016002 4 0 0 0 
1 120.5850468 31.1371094 0 295.95 21269660.3652311 3448686.74532705 4 0 0 0 
1 120.585043 31.137111 0 294.85 21269660.0065546 3448686.93070216 4 0 0 0 
1 120.5850392 31.1371126 0 293.79 21269659.647878 3448687.11607728 4 0 0 0 
1 120.5850354 31.1371141 0 292.78 21269659.2889596 3448687.29036061 4 0 0 0 
1 120.5850315 31.1371155 0 291.76 21269658.9202585 3448687.45376022 4 0 0 0 
1 120.5850275 31.1371169 0 290.73 21269658.5420168 3448687.61736791 4 0 0 0 
1 120.5850237 31.1371182 0 289.7 21269658.1826146 3448687.76946769 4 0 0 0 
1 120.5850197 31.1371194 0 288.63 21269657.8038891 3448687.91089181 4 0 0 0 
1 120.5850156 31.1371206 0 287.54 21269657.415623 3448688.052524 4 0 0 0 
1 120.5850116 31.1371217 0 286.44 21269657.0366556 3448688.18285635 4 0 0 0 
1 120.5850075 31.1371228 0 285.32 21269656.6481476 3448688.31339677 4 0 0 0 
1 120.5850033 31.1371238 0 284.17 21269656.2498569 3448688.43305348 4 0 0 0 
1 120.5849992 31.1371248 0 283.01 21269655.861107 3448688.55250214 4 0 0 0 
1 120.5849951 31.1371256 0 281.82 21269655.4718733 3448688.64976721 4 0 0 0 
1 120.5849909 31.1371264 0 280.62 21269655.0730989 3448688.74724037 4 0 0 0 
1 120.5849867 31.1371271 0 279.41 21269654.6740826 3448688.83362174 4 0 0 0 
1 120.5849824 31.1371277 0 278.22 21269654.2652838 3448688.9091194 4 0 0 0 
1 120.5849782 31.1371283 0 277.03 21269653.8660256 3448688.984409 4 0 0 0 
1 120.5849739 31.1371288 0 275.84 21269653.4569848 3448689.04881489 4 0 0 0 
1 120.5849696 31.1371292 0 274.67 21269653.0477022 3448689.10212899 4 0 0 0 
1 120.5849654 31.1371296 0 273.54 21269652.6479603 3448689.15523505 4 0 0 0 
1 120.5849611 31.1371298 0 272.5 21269652.2381938 3448689.18636558 4 0 0 0 
1 120.5849567 31.13713 0 271.58 21269651.8188867 3448689.21770421 4 0 0 0 
1 120.5849524 31.1371302 0 270.8 21269651.4091202 3448689.24883478 4 0 0 0 
1 120.584948 31.1371302 0 270.11 21269650.9893293 3448689.25798984 4 0 0 0 
1 120.5849436 31.1371302 0 269.42 21269650.5695384 3448689.26714491 4 0 0 0 
1 120.5849391 31.1371302 0 268.81 21269650.1402068 3448689.27650808 4 0 0 0 
1 120.5849347 31.1371301 0 268.31 21269649.7201739 3448689.27457139 4 0 0 0 
1 120.5849303 31.13713 0 267.88 21269649.3001411 3448689.27263472 4 0 0 0 
1 120.5849259 31.1371299 0 267.5 21269648.8801083 3448689.27069806 4 0 0 0 
1 120.5849214 31.1371297 0 267.14 21269648.4502928 3448689.25787769 4 0 0 0 
1 120.5849169 31.1371295 0 266.85 21269648.0204774 3448689.24505734 4 0 0 0 
1 120.5849124 31.1371293 0 266.65 21269647.590662 3448689.23223701 4 0 0 0 
1 120.5849079 31.1371291 0 266.5 21269647.1608465 3448689.21941669 4 0 0 0 
1 120.5849032 31.1371289 0 266.36 21269646.7119497 3448689.20701254 4 0 0 0 
1 120.5848987 31.1371287 0 266.26 21269646.2821342 3448689.19419227 4 0 0 0 
1 120.5848942 31.1371283 0 266.21 21269645.851835 3448689.1591884 4 0 0 0 
1 120.5848897 31.137128 0 266.15 21269645.4217776 3448689.13527636 4 0 0 0 
1 120.5848852 31.1371278 0 266.06 21269644.9919621 3448689.12245613 4 0 0 0 
1 120.5848807 31.1371275 0 266 21269644.5619048 3448689.09854412 4 0 0 0 
1 120.5848762 31.1371273 0 265.97 21269644.1320893 3448689.08572393 4 0 0 0 
1 120.5848717 31.137127 0 265.92 21269643.7020319 3448689.06181196 4 0 0 0 
1 120.5848672 31.1371268 0 265.88 21269643.2722165 3448689.0489918 4 0 0 0 
1 120.5848626 31.1371266 0 265.84 21269642.8328603 3448689.03637974 4 0 0 0 
1 120.5848581 31.1371261 0 265.78 21269642.4023191 3448688.99028422 4 0 0 0 
1 120.5848535 31.1371258 0 265.74 21269641.962721 3448688.96658039 4 0 0 0 
1 120.5848491 31.1371256 0 265.72 21269641.5424462 3448688.95355223 4 0 0 0 
1 120.5848445 31.1371252 0 265.72 21269641.1026062 3448688.91875664 4 0 0 0 
1 120.5848399 31.137125 0 265.71 21269640.6632501 3448688.90614466 4 0 0 0 
1 120.5848353 31.1371247 0 265.7 21269640.223652 3448688.88244091 4 0 0 0 
1 120.5848307 31.1371244 0 265.69 21269639.7840539 3448688.85873717 4 0 0 0 
1 120.5848262 31.1371241 0 265.67 21269639.3539965 3448688.83482537 4 0 0 0 
1 120.5848215 31.1371238 0 265.67 21269638.9048576 3448688.81132975 4 0 0 0 
1 120.5848168 31.1371235 0 265.66 21269638.4557188 3448688.78783415 4 0 0 0 
1 120.5848122 31.1371231 0 265.63 21269638.0158788 3448688.75303869 4 0 0 0 
1 120.5848075 31.1371228 0 265.6 21269637.56674 3448688.72954313 4 0 0 0 
1 120.5848029 31.1371225 0 265.59 21269637.1271418 3448688.7058395 4 0 0 0 
1 120.5847981 31.1371222 0 265.58 21269636.6684623 3448688.68255206 4 0 0 0 
1 120.5847934 31.137122 0 265.59 21269636.2195654 3448688.67014835 4 0 0 0 
1 120.5847886 31.1371216 0 265.59 21269635.7606439 3448688.63576915 4 0 0 0 
1 120.5847839 31.1371213 0 265.57 21269635.3115051 3448688.61227368 4 0 0 0 
1 120.5847791 31.137121 0 265.57 21269634.8528255 3448688.58898631 4 0 0 0 
1 120.5847743 31.1371206 0 265.58 21269634.3939041 3448688.55460717 4 0 0 0 
1 120.5847696 31.1371203 0 265.61 21269633.9447652 3448688.53111176 4 0 0 0 
1 120.5847647 31.1371199 0 265.62 21269633.476303 3448688.49694074 4 0 0 0 
1 120.5847598 31.1371196 0 265.64 21269633.0080828 3448688.47386154 4 0 0 0 
1 120.584755 31.1371194 0 265.66 21269632.5496451 3448688.46166607 4 0 0 0 
1 120.5847502 31.137119 0 265.68 21269632.0907236 3448688.42728703 4 0 0 0 
1 120.5847453 31.1371187 0 265.69 21269631.6225033 3448688.40420789 4 0 0 0 
1 120.5847405 31.1371184 0 265.69 21269631.1638237 3448688.38092068 4 0 0 0 
1 120.5847356 31.1371181 0 265.68 21269630.6956035 3448688.35784158 4 0 0 0 
1 120.5847307 31.1371178 0 265.68 21269630.2273832 3448688.33476251 4 0 0 0 
1 120.5847259 31.1371175 0 265.69 21269629.7687036 3448688.31147536 4 0 0 0 
1 120.5847211 31.1371172 0 265.68 21269629.310024 3448688.28818823 4 0 0 0 
1 120.5847162 31.1371169 0 265.66 21269628.8418037 3448688.26510922 4 0 0 0 
1 120.5847113 31.1371166 0 265.65 21269628.3735834 3448688.24203022 4 0 0 0 
1 120.5847065 31.1371162 0 265.64 21269627.9146618 3448688.20765136 4 0 0 0 
1 120.5847016 31.1371159 0 265.63 21269627.4464415 3448688.1845724 4 0 0 0 
1 120.5846968 31.1371155 0 265.6 21269626.98752 3448688.15019357 4 0 0 0 
1 120.5846919 31.1371152 0 265.59 21269626.5192997 3448688.12711466 4 0 0 0 
1 120.584687 31.137115 0 265.59 21269626.0513212 3448688.11512757 4 0 0 0 
1 120.5846822 31.1371147 0 265.58 21269625.5926416 3448688.0918406 4 0 0 0 
1 120.5846773 31.1371144 0 265.58 21269625.1244213 3448688.06876175 4 0 0 0 
1 120.5846724 31.137114 0 265.57 21269624.655959 3448688.03459112 4 0 0 0 
1 120.5846676 31.1371137 0 265.54 21269624.1972794 3448688.01130421 4 0 0 0 
1 120.5846628 31.1371134 0 265.54 21269623.7385997 3448687.98801733 4 0 0 0 
1 120.584658 31.1371131 0 265.53 21269623.2799201 3448687.96473046 4 0 0 0 
1 120.5846531 31.1371128 0 265.51 21269622.8116997 3448687.94165171 4 0 0 0 
1 120.5846483 31.1371125 0 265.49 21269622.3530201 3448687.91836488 4 0 0 0 
1 120.5846434 31.1371122 0 265.47 21269621.8847997 3448687.89528617 4 0 0 0 
1 120.5846385 31.1371118 0 265.47 21269621.4163374 3448687.86111568 4 0 0 0 
1 120.5846337 31.1371115 0 265.46 21269620.9576578 3448687.83782892 4 0 0 0 
1 120.5846288 31.1371111 0 265.43 21269620.4891955 3448687.80365847 4 0 0 0 
1 120.584624 31.1371107 0 265.42 21269620.0302739 3448687.76927994 4 0 0 0 
1 120.5846192 31.1371104 0 265.4 21269619.5715942 3448687.74599324 4 0 0 0 
1 120.5846143 31.13711 0 265.39 21269619.1031319 3448687.71182285 4 0 0 0 
1 120.5846094 31.1371097 0 265.38 21269618.6349115 3448687.68874428 4 0 0 0 
1 120.5846046 31.1371094 0 265.37 21269618.1762318 3448687.66545764 4 0 0 0 
1 120.5845998 31.137109 0 265.36 21269617.7173102 3448687.63107921 4 0 0 0 
1 120.5845949 31.1371086 0 265.38 21269617.2488479 3448687.5969089 4 0 0 0 
1 120.5845902 31.1371082 0 265.37 21269616.7994669 3448687.56232241 4 0 0 0 
1 120.5845854 31.1371079 0 265.38 21269616.3407872 3448687.53903585 4 0 0 0 
1 120.5845806 31.1371076 0 265.37 21269615.8821075 3448687.5157493 4 0 0 0 
1 120.5845757 31.1371073 0 265.31 21269615.4138871 3448687.49267087 4 0 0 0 
1 120.5845709 31.1371071 0 265.32 21269614.9554493 3448687.48047617 4 0 0 0 
1 120.5845661 31.1371068 0 265.37 21269614.4967696 3448687.45718968 4 0 0 0 
1 120.5845612 31.1371064 0 265.35 21269614.0283072 3448687.42301952 4 0 0 0 
1 120.5845563 31.1371061 0 265.35 21269613.5600868 3448687.39994117 4 0 0 0 
1 120.5845514 31.1371056 0 265.37 21269613.0913825 3448687.35467925 4 0 0 0 
1 120.5845465 31.1371053 0 265.34 21269612.6231621 3448687.33160095 4 0 0 0 
1 120.5845417 31.1371051 0 265.33 21269612.1647243 3448687.31940636 4 0 0 0 
1 120.5845368 31.1371048 0 265.34 21269611.6965038 3448687.2963281 4 0 0 0 
1 120.584532 31.1371045 0 265.35 21269611.2378241 3448687.27304175 4 0 0 0 
1 120.5845272 31.1371041 0 265.39 21269610.7789024 3448687.23866362 4 0 0 0 
1 120.5845223 31.1371037 0 265.46 21269610.31044 3448687.20449362 4 0 0 0 
1 120.5845175 31.1371034 0 265.52 21269609.8517602 3448687.18120734 4 0 0 0 
1 120.5845127 31.1371031 0 265.58 21269609.3930805 3448687.15792107 4 0 0 0 
1 120.5845078 31.1371029 0 265.66 21269608.9251019 3448687.14593473 4 0 0 0 
1 120.584503 31.1371025 0 265.76 21269608.4661802 3448687.1115567 4 0 0 0 
1 120.5844982 31.1371022 0 265.87 21269608.0075005 3448687.08827049 4 0 0 0 
1 120.5844934 31.1371018 0 265.95 21269607.5485788 3448687.0538925 4 0 0 0 
1 120.5844885 31.1371015 0 265.98 21269607.0803583 3448687.03081445 4 0 0 0 
1 120.5844836 31.1371012 0 265.97 21269606.6121378 3448687.00773641 4 0 0 0 
1 120.5844787 31.1371009 0 266.01 21269606.1439173 3448686.98465839 4 0 0 0 
1 120.584474 31.1371007 0 266.04 21269605.6950201 3448686.97225597 4 0 0 0 
1 120.5844692 31.1371004 0 266.05 21269605.2363404 3448686.94896988 4 0 0 0 
1 120.5844642 31.1371002 0 266.05 21269604.7588211 3448686.93719184 4 0 0 0 
1 120.5844594 31.1370999 0 266.06 21269604.3001413 3448686.91390579 4 0 0 0 
1 120.5844548 31.1370996 0 266.06 21269603.8605429 3448686.89020354 4 0 0 0 
1 120.58445 31.1370994 0 266.06 21269603.402105 3448686.87800933 4 0 0 0 
1 120.5844453 31.1370991 0 266.06 21269602.9529659 3448686.85451523 4 0 0 0 
1 120.5844406 31.1370989 0 266.05 21269602.5040688 3448686.84211295 4 0 0 0 
1 120.5844359 31.1370986 0 266.04 21269602.0549297 3448686.81861889 4 0 0 0 
1 120.5844312 31.1370984 0 266.01 21269601.6060325 3448686.80621664 4 0 0 0 
1 120.5844268 31.137098 0 265.97 21269601.1852736 3448686.77100647 4 0 0 0 
1 120.5844221 31.1370977 0 265.93 21269600.7361345 3448686.74751246 4 0 0 0 
1 120.5844171 31.1370974 0 265.9 21269600.2583732 3448686.72464282 4 0 0 0 
1 120.5844123 31.1370971 0 265.89 21269599.7996934 3448686.70135696 4 0 0 0 
1 120.5844075 31.1370969 0 265.87 21269599.3412555 3448686.68916293 4 0 0 0 
1 120.5844027 31.1370966 0 265.82 21269598.8825756 3448686.66587712 4 0 0 0 
1 120.584398 31.137096 0 265.78 21269598.4327107 3448686.6091078 4 0 0 0 
1 120.5843933 31.1370956 0 265.77 21269597.9833296 3448686.57452211 4 0 0 0 
1 120.5843885 31.1370956 0 265.78 21269597.5253756 3448686.58451176 4 0 0 0 
1 120.5843837 31.1370953 0 265.78 21269597.0666957 3448686.56122602 4 0 0 0 
1 120.5843791 31.1370949 0 265.77 21269596.6268553 3448686.52643227 4 0 0 0 
1 120.5843744 31.1370946 0 265.76 21269596.1777162 3448686.50293845 4 0 0 0 
1 120.5843696 31.1370945 0 265.76 21269595.7195202 3448686.50183638 4 0 0 0 
1 120.5843649 31.1370942 0 265.76 21269595.270381 3448686.4783426 4 0 0 0 
1 120.5843601 31.1370937 0 265.74 21269594.8112173 3448686.43287336 4 0 0 0 
1 120.5843554 31.1370934 0 265.71 21269594.3620781 3448686.40937962 4 0 0 0 
1 120.5843507 31.1370931 0 265.69 21269593.9129389 3448686.3858859 4 0 0 0 
1 120.5843459 31.1370928 0 265.68 21269593.454259 3448686.36260032 4 0 0 0 
1 120.5843412 31.1370926 0 265.68 21269593.0053618 3448686.35019844 4 0 0 0 
1 120.5843364 31.1370924 0 265.65 21269592.5469239 3448686.3380047 4 0 0 0 
1 120.5843316 31.137092 0 265.62 21269592.088002 3448686.30362738 4 0 0 0 
1 120.5843269 31.1370917 0 265.59 21269591.6388628 3448686.28013375 4 0 0 0 
1 120.5843223 31.1370914 0 265.57 21269591.1992643 3448686.25643202 4 0 0 0 
1 120.5843176 31.1370911 0 265.56 21269590.7501251 3448686.23293844 4 0 0 0 
1 120.584313 31.1370907 0 265.55 21269590.3102847 3448686.19814494 4 0 0 0 
1 120.5843084 31.1370904 0 265.56 21269589.8706862 3448686.17444327 4 0 0 0 
1 120.5843037 31.1370902 0 265.56 21269589.4217889 3448686.16204154 4 0 0 0 
1 120.5842991 31.1370899 0 265.58 21269588.9821904 3448686.1383399 4 0 0 0 
1 120.5842944 31.1370896 0 265.57 21269588.5330512 3448686.11484641 4 0 0 0 
1 120.5842897 31.1370892 0 265.57 21269588.08367 3448686.08026113 4 0 0 0 
1 120.584285 31.137089 0 265.58 21269587.6347728 3448686.06785948 4 0 0 0 
1 120.5842803 31.1370887 0 265.59 21269587.1856336 3448686.04436605 4 0 0 0 
1 120.5842756 31.1370885 0 265.59 21269586.7367363 3448686.03196443 4 0 0 0 
1 120.5842709 31.1370882 0 265.6 21269586.2875971 3448686.00847103 4 0 0 0 
1 120.5842662 31.137088 0 265.6 21269585.8386998 3448685.99606945 4 0 0 0 
1 120.5842615 31.1370877 0 265.61 21269585.3895606 3448685.97257609 4 0 0 0 
1 120.5842568 31.1370874 0 265.61 21269584.9404213 3448685.94908275 4 0 0 0 
1 120.5842521 31.1370871 0 265.61 21269584.4912821 3448685.92558943 4 0 0 0 
1 120.5842475 31.1370868 0 265.58 21269584.0516835 3448685.90188799 4 0 0 0 
1 120.5842428 31.1370865 0 265.58 21269583.6025443 3448685.87839471 4 0 0 0 
1 120.5842382 31.1370862 0 265.56 21269583.1629457 3448685.85469331 4 0 0 0 
1 120.5842335 31.1370859 0 265.56 21269582.7138065 3448685.83120007 4 0 0 0 
1 120.5842289 31.1370856 0 265.58 21269582.2742079 3448685.80749871 4 0 0 0 
1 120.5842242 31.1370853 0 265.59 21269581.8250686 3448685.7840055 4 0 0 0 
1 120.5842195 31.1370849 0 265.62 21269581.3756874 3448685.7494205 4 0 0 0 
1 120.5842148 31.1370846 0 265.68 21269580.9265481 3448685.72592733 4 0 0 0 
1 120.5842102 31.1370843 0 265.73 21269580.4869496 3448685.70222605 4 0 0 0 
1 120.5842055 31.137084 0 265.77 21269580.0378103 3448685.67873291 4 0 0 0 
1 120.5842008 31.1370837 0 265.81 21269579.588671 3448685.6552398 4 0 0 0 
1 120.5841962 31.1370834 0 265.86 21269579.1490724 3448685.63153857 4 0 0 0 
1 120.5841915 31.1370831 0 265.89 21269578.6999331 3448685.60804549 4 0 0 0 
1 120.5841868 31.1370829 0 265.9 21269578.2510358 3448685.59564423 4 0 0 0 
1 120.5841822 31.1370826 0 265.89 21269577.8114372 3448685.57194305 4 0 0 0 
1 120.5841775 31.1370823 0 265.88 21269577.3622979 3448685.54845003 4 0 0 0 
1 120.5841728 31.137082 0 265.85 21269576.9131586 3448685.52495703 4 0 0 0 
1 120.5841681 31.1370817 0 265.83 21269576.4640193 3448685.50146405 4 0 0 0 
1 120.5841635 31.1370814 0 265.82 21269576.0244207 3448685.47776294 4 0 0 0 
1 120.5841588 31.1370811 0 265.81 21269575.5752814 3448685.45427 4 0 0 0 
1 120.5841543 31.1370809 0 265.8 21269575.1454654 3448685.4414526 4 0 0 0 
1 120.5841496 31.1370806 0 265.8 21269574.6963261 3448685.41795969 4 0 0 0 
1 120.5841449 31.1370804 0 265.8 21269574.2474288 3448685.4055586 4 0 0 0 
1 120.5841402 31.1370801 0 265.8 21269573.7982894 3448685.38206573 4 0 0 0 
1 120.5841355 31.1370799 0 265.82 21269573.3493921 3448685.36966468 4 0 0 0 
1 120.5841308 31.1370796 0 265.81 21269572.9002527 3448685.34617185 4 0 0 0 
1 120.5841262 31.1370793 0 265.8 21269572.4606541 3448685.32247089 4 0 0 0 
1 120.5841215 31.137079 0 265.8 21269572.0115148 3448685.2989781 4 0 0 0 
1 120.5841168 31.1370787 0 265.8 21269571.5623754 3448685.27548532 4 0 0 0 
1 120.5841121 31.1370785 0 265.8 21269571.1134781 3448685.26308437 4 0 0 0 
1 120.5841074 31.1370782 0 265.79 21269570.6643387 3448685.23959163 4 0 0 0 
1 120.5841027 31.1370779 0 265.78 21269570.2151993 3448685.21609891 4 0 0 0 
1 120.584098 31.1370776 0 265.79 21269569.76606 3448685.19260621 4 0 0 0 
1 120.5840933 31.1370774 0 265.8 21269569.3171626 3448685.18020533 4 0 0 0 
1 120.5840887 31.1370771 0 265.78 21269568.8775639 3448685.15650452 4 0 0 0 
1 120.584084 31.1370768 0 265.77 21269568.4284246 3448685.13301188 4 0 0 0 
1 120.5840793 31.1370766 0 265.75 21269567.9795272 3448685.12061105 4 0 0 0 
1 120.5840746 31.1370763 0 265.74 21269567.5303878 3448685.09711845 4 0 0 0 
1 120.5840699 31.137076 0 265.74 21269567.0812484 3448685.07362586 4 0 0 0 
1 120.5840652 31.1370758 0 265.72 21269566.632351 3448685.06122509 4 0 0 0 
1 120.5840604 31.1370755 0 265.7 21269566.1736709 3448685.03794069 4 0 0 0 
1 120.5840557 31.1370752 0 265.67 21269565.7245315 3448685.01444816 4 0 0 0 
1 120.5840511 31.1370749 0 265.65 21269565.2849329 3448684.9907475 4 0 0 0 
1 120.5840464 31.1370746 0 265.64 21269564.8357935 3448684.96725501 4 0 0 0 
1 120.5840417 31.1370743 0 265.63 21269564.3866541 3448684.94376254 4 0 0 0 
1 120.584037 31.137074 0 265.6 21269563.9375146 3448684.92027008 4 0 0 0 
1 120.5840324 31.1370736 0 265.58 21269563.497674 3448684.8854777 4 0 0 0 
1 120.5840277 31.1370733 0 265.58 21269563.0485345 3448684.86198528 4 0 0 0 
1 120.5840231 31.137073 0 265.58 21269562.6089358 3448684.83828473 4 0 0 0 
1 120.5840184 31.1370727 0 265.55 21269562.1597964 3448684.81479235 4 0 0 0 
1 120.5840137 31.1370724 0 265.54 21269561.710657 3448684.79129999 4 0 0 0 
1 120.584009 31.1370721 0 265.54 21269561.2615176 3448684.76780765 4 0 0 0 
1 120.5840043 31.1370718 0 265.54 21269560.8123781 3448684.74431533 4 0 0 0 
1 120.5839996 31.1370715 0 265.54 21269560.3632387 3448684.72082303 4 0 0 0 
1 120.5839949 31.1370712 0 265.54 21269559.9140993 3448684.69733074 4 0 0 0 
1 120.5839902 31.1370709 0 265.54 21269559.4649598 3448684.67383848 4 0 0 0 
1 120.5839855 31.1370706 0 265.55 21269559.0158204 3448684.65034623 4 0 0 0 
1 120.5839808 31.1370703 0 265.56 21269558.5666809 3448684.626854 4 0 0 0 
1 120.5839761 31.13707 0 265.57 21269558.1175415 3448684.60336179 4 0 0 0 
1 120.5839714 31.1370697 0 265.58 21269557.668402 3448684.5798696 4 0 0 0 
1 120.5839668 31.1370693 0 265.58 21269557.2285613 3448684.54507748 4 0 0 0 
1 120.5839621 31.137069 0 265.59 21269556.7794218 3448684.52158532 4 0 0 0 
1 120.5839574 31.1370686 0 265.59 21269556.3300404 3448684.48700139 4 0 0 0 
1 120.5839527 31.1370683 0 265.59 21269555.8809009 3448684.46350927 4 0 0 0 
1 120.5839481 31.137068 0 265.58 21269555.4413021 3448684.43980902 4 0 0 0 
1 120.5839434 31.1370676 0 265.58 21269554.9919206 3448684.40522514 4 0 0 0 
1 120.5839386 31.1370673 0 265.58 21269554.5332405 3448684.38194124 4 0 0 0 
1 120.583934 31.137067 0 265.57 21269554.0936417 3448684.35824104 4 0 0 0 
1 120.5839294 31.1370666 0 265.55 21269553.6538009 3448684.32344907 4 0 0 0 
1 120.5839247 31.1370663 0 265.53 21269553.2046614 3448684.29995706 4 0 0 0 
1 120.58392 31.137066 0 265.5 21269552.7555219 3448684.27646508 4 0 0 0 
1 120.5839153 31.1370656 0 265.49 21269552.3061404 3448684.24188132 4 0 0 0 
1 120.5839106 31.1370653 0 265.46 21269551.8570009 3448684.21838937 4 0 0 0 
1 120.5839058 31.137065 0 265.44 21269551.3983207 3448684.19510561 4 0 0 0 
