1 120.5853317 31.1356935 0 355.03 21269684.1222955 3448529.10384789 4 0 0 0 
1 120.5853316 31.1356948 0 355.07 21269684.1158987 3448529.24824927 4 0 0 0 
1 120.5853315 31.1356961 0 355.12 21269684.1095019 3448529.39265064 4 0 0 0 
1 120.5853313 31.1356973 0 355.15 21269684.0933224 3448529.52616825 4 0 0 0 
1 120.5853312 31.1356986 0 355.17 21269684.0869255 3448529.67056963 4 0 0 0 
1 120.5853311 31.1356999 0 355.19 21269684.0805287 3448529.814971 4 0 0 0 
1 120.5853309 31.1357011 0 355.2 21269684.0643492 3448529.94848861 4 0 0 0 
1 120.5853308 31.1357023 0 355.2 21269684.0577106 3448530.08179819 4 0 0 0 
1 120.5853307 31.1357036 0 355.21 21269684.0513137 3448530.22619956 4 0 0 0 
1 120.5853306 31.1357048 0 355.22 21269684.0446751 3448530.35950914 4 0 0 0 
1 120.5853304 31.135706 0 355.23 21269684.0284956 3448530.49302675 4 0 0 0 
1 120.5853304 31.1357072 0 355.24 21269684.0313978 3448530.6261283 4 0 0 0 
1 120.5853303 31.1357084 0 355.24 21269684.0247591 3448530.75943788 4 0 0 0 
1 120.5853302 31.1357096 0 355.25 21269684.0181204 3448530.89274745 4 0 0 0 
1 120.5853301 31.1357108 0 355.26 21269684.0114818 3448531.02605703 4 0 0 0 
1 120.5853299 31.135712 0 355.25 21269683.9953023 3448531.15957464 4 0 0 0 
1 120.5853297 31.1357132 0 355.24 21269683.9791228 3448531.29309225 4 0 0 0 
1 120.5853296 31.1357146 0 355.24 21269683.9729678 3448531.44858542 4 0 0 0 
1 120.5853294 31.1357159 0 355.25 21269683.9570302 3448531.59319483 4 0 0 0 
1 120.5853293 31.1357173 0 355.25 21269683.9508752 3448531.748688 4 0 0 0 
1 120.5853291 31.1357188 0 355.23 21269683.9354212 3448531.915481 4 0 0 0 
1 120.585329 31.1357203 0 355.24 21269683.9295081 3448532.08206596 4 0 0 0 
1 120.5853289 31.1357219 0 355.24 21269683.9238369 3448532.25974273 4 0 0 0 
1 120.5853287 31.1357234 0 355.24 21269683.9083829 3448532.42653572 4 0 0 0 
1 120.5853285 31.135725 0 355.23 21269683.8931708 3448532.60442052 4 0 0 0 
1 120.5853283 31.1357267 0 355.22 21269683.8782006 3448532.79339711 4 0 0 0 
1 120.5853282 31.1357283 0 355.22 21269683.8725293 3448532.97107387 4 0 0 0 
1 120.585328 31.1357301 0 355.21 21269683.8578009 3448533.17114225 4 0 0 0 
1 120.5853279 31.135732 0 355.2 21269683.8528552 3448533.3820944 4 0 0 0 
1 120.5853277 31.1357338 0 355.18 21269683.8381268 3448533.58216279 4 0 0 0 
1 120.5853275 31.1357357 0 355.15 21269683.8236402 3448533.79332297 4 0 0 0 
1 120.5853273 31.1357377 0 355.13 21269683.8093955 3448534.01557495 4 0 0 0 
1 120.5853271 31.1357399 0 355.11 21269683.7956345 3448534.26001051 4 0 0 0 
1 120.5853268 31.1357419 0 355.11 21269683.771849 3448534.48247052 4 0 0 0 
1 120.5853266 31.1357439 0 355.12 21269683.7576043 3448534.7047225 4 0 0 0 
1 120.5853264 31.135746 0 355.16 21269683.7436015 3448534.93806627 4 0 0 0 
1 120.5853261 31.1357481 0 355.23 21269683.7200578 3448535.17161808 4 0 0 0 
1 120.5853259 31.1357502 0 355.28 21269683.7060549 3448535.40496185 4 0 0 0 
1 120.5853256 31.1357523 0 355.31 21269683.6825112 3448535.63851366 4 0 0 0 
1 120.5853255 31.1357544 0 355.34 21269683.6780492 3448535.8716494 4 0 0 0 
1 120.5853253 31.1357567 0 355.4 21269683.6645301 3448536.12717676 4 0 0 0 
1 120.5853251 31.135759 0 355.44 21269683.651011 3448536.38270413 4 0 0 0 
1 120.5853249 31.1357613 0 355.46 21269683.6374918 3448536.6382315 4 0 0 0 
1 120.5853246 31.1357637 0 355.47 21269683.6146737 3448536.90505869 4 0 0 0 
1 120.5853244 31.1357661 0 355.49 21269683.6013964 3448537.17167785 4 0 0 0 
1 120.5853241 31.1357685 0 355.51 21269683.5785783 3448537.43850504 4 0 0 0 
1 120.5853239 31.1357711 0 355.52 21269683.5657847 3448537.7273078 4 0 0 0 
1 120.5853236 31.1357737 0 355.53 21269683.5434503 3448538.01631858 4 0 0 0 
1 120.5853233 31.1357763 0 355.54 21269683.5211159 3448538.30532937 4 0 0 0 
1 120.5853231 31.1357789 0 355.58 21269683.5083223 3448538.59413212 4 0 0 0 
1 120.585323 31.1357816 0 355.62 21269683.5053114 3448538.89381864 4 0 0 0 
1 120.5853227 31.1357844 0 355.67 21269683.4834607 3448539.20501302 4 0 0 0 
1 120.5853225 31.1357872 0 355.71 21269683.4711508 3448539.51599936 4 0 0 0 
1 120.5853222 31.13579 0 355.75 21269683.4493001 3448539.82719374 4 0 0 0 
1 120.5853219 31.1357929 0 355.79 21269683.4276912 3448540.14947992 4 0 0 0 
1 120.5853216 31.1357958 0 355.83 21269683.4060824 3448540.47176609 4 0 0 0 
1 120.5853214 31.1357987 0 355.85 21269683.3940144 3448540.79384423 4 0 0 0 
1 120.5853211 31.1358017 0 355.87 21269683.3726474 3448541.12722221 4 0 0 0 
1 120.5853209 31.1358047 0 355.89 21269683.3608212 3448541.46039214 4 0 0 0 
1 120.5853207 31.1358077 0 355.9 21269683.3489951 3448541.79356208 4 0 0 0 
1 120.5853205 31.1358107 0 355.94 21269683.3371689 3448542.12673202 4 0 0 0 
1 120.5853202 31.1358137 0 355.95 21269683.3158019 3448542.46010999 4 0 0 0 
1 120.5853199 31.1358167 0 355.95 21269683.2944349 3448542.79348797 4 0 0 0 
1 120.5853196 31.1358198 0 355.94 21269683.2733098 3448543.13795773 4 0 0 0 
1 120.5853193 31.1358228 0 355.92 21269683.2519428 3448543.47133571 4 0 0 0 
1 120.5853191 31.1358259 0 355.9 21269683.2403585 3448543.81559744 4 0 0 0 
1 120.5853188 31.1358289 0 355.89 21269683.2189915 3448544.14897542 4 0 0 0 
1 120.5853185 31.135832 0 355.86 21269683.1978664 3448544.49344519 4 0 0 0 
1 120.5853182 31.1358353 0 355.83 21269683.177225 3448544.86009855 4 0 0 0 
1 120.585318 31.1358385 0 355.8 21269683.1658825 3448545.21545208 4 0 0 0 
1 120.5853177 31.1358417 0 355.75 21269683.1449993 3448545.57101365 4 0 0 0 
1 120.5853174 31.135845 0 355.67 21269683.1243579 3448545.93766701 4 0 0 0 
1 120.5853171 31.1358482 0 355.61 21269683.1034746 3448546.29322857 4 0 0 0 
1 120.5853168 31.1358515 0 355.57 21269683.0828332 3448546.65988194 4 0 0 0 
1 120.5853165 31.1358547 0 355.53 21269683.0619499 3448547.01544351 4 0 0 0 
1 120.5853162 31.135858 0 355.48 21269683.0413085 3448547.38209687 4 0 0 0 
1 120.5853159 31.1358612 0 355.45 21269683.0204253 3448547.73765844 4 0 0 0 
1 120.5853156 31.1358645 0 355.45 21269682.9997839 3448548.1043118 4 0 0 0 
1 120.5853152 31.1358679 0 355.44 21269682.9698435 3448548.482265 4 0 0 0 
1 120.5853149 31.1358713 0 355.45 21269682.949444 3448548.86001016 4 0 0 0 
1 120.5853146 31.1358747 0 355.45 21269682.9290444 3448549.23775532 4 0 0 0 
1 120.5853143 31.1358782 0 355.45 21269682.9088867 3448549.62659227 4 0 0 0 
1 120.5853141 31.1358816 0 355.46 21269682.898028 3448550.0041294 4 0 0 0 
1 120.5853138 31.135885 0 355.44 21269682.8776285 3448550.38187456 4 0 0 0 
1 120.5853133 31.1358884 0 355.44 21269682.8381473 3448550.76003579 4 0 0 0 
1 120.585313 31.1358918 0 355.45 21269682.8177478 3448551.13778095 4 0 0 0 
1 120.5853128 31.1358952 0 355.45 21269682.8068891 3448551.51531808 4 0 0 0 
1 120.5853124 31.1358986 0 355.44 21269682.7769488 3448551.89327128 4 0 0 0 
1 120.585312 31.1359022 0 355.41 21269682.7474921 3448552.29340807 4 0 0 0 
1 120.5853117 31.1359057 0 355.4 21269682.7273345 3448552.68224503 4 0 0 0 
1 120.5853113 31.1359091 0 355.39 21269682.6973942 3448553.06019823 4 0 0 0 
1 120.585311 31.1359126 0 355.37 21269682.6772365 3448553.44903519 4 0 0 0 
1 120.5853107 31.1359161 0 355.34 21269682.6570789 3448553.83787215 4 0 0 0 
1 120.5853103 31.1359197 0 355.32 21269682.6276222 3448554.23800894 4 0 0 0 
1 120.58531 31.1359233 0 355.28 21269682.6077064 3448554.6379377 4 0 0 0 
1 120.5853096 31.1359269 0 355.26 21269682.5782498 3448555.03807449 4 0 0 0 
1 120.5853093 31.1359306 0 355.24 21269682.5585759 3448555.44909505 4 0 0 0 
1 120.5853089 31.1359342 0 355.21 21269682.5291193 3448555.84923184 4 0 0 0 
1 120.5853085 31.135938 0 355.18 21269682.5001464 3448556.27155222 4 0 0 0 
1 120.5853082 31.1359417 0 355.16 21269682.4804725 3448556.68257278 4 0 0 0 
1 120.5853079 31.1359454 0 355.16 21269682.4607986 3448557.09359333 4 0 0 0 
1 120.5853075 31.1359492 0 355.14 21269682.4318257 3448557.51591372 4 0 0 0 
1 120.585307 31.135953 0 355.14 21269682.393312 3448557.93844214 4 0 0 0 
1 120.5853066 31.1359568 0 355.18 21269682.3643391 3448558.36076253 4 0 0 0 
1 120.5853063 31.1359606 0 355.24 21269682.3449071 3448558.78287488 4 0 0 0 
1 120.5853059 31.1359645 0 355.31 21269682.316176 3448559.21628707 4 0 0 0 
1 120.5853055 31.1359682 0 355.41 21269682.2869613 3448559.62751566 4 0 0 0 
1 120.5853051 31.135972 0 355.58 21269682.2579885 3448560.04983605 4 0 0 0 
1 120.5853046 31.1359759 0 355.71 21269682.2197166 3448560.48345627 4 0 0 0 
1 120.5853042 31.1359797 0 355.82 21269682.1907438 3448560.90577666 4 0 0 0 
1 120.5853039 31.1359836 0 355.9 21269682.1715536 3448561.33898081 4 0 0 0 
1 120.5853036 31.1359875 0 355.99 21269682.1523634 3448561.77218497 4 0 0 0 
1 120.5853033 31.1359914 0 356.02 21269682.1331733 3448562.20538912 4 0 0 0 
1 120.585303 31.1359953 0 356 21269682.1139831 3448562.63859327 4 0 0 0 
1 120.5853028 31.1359992 0 356 21269682.1043338 3448563.07158939 4 0 0 0 
1 120.5853025 31.1360031 0 355.99 21269682.0851436 3448563.50479354 4 0 0 0 
1 120.5853022 31.136007 0 355.98 21269682.0659534 3448563.9379977 4 0 0 0 
1 120.5853019 31.1360109 0 355.97 21269682.0467633 3448564.37120185 4 0 0 0 
1 120.5853016 31.1360148 0 355.94 21269682.0275731 3448564.80440601 4 0 0 0 
1 120.5853012 31.1360187 0 355.89 21269681.9988422 3448565.2378182 4 0 0 0 
1 120.5853008 31.1360227 0 355.84 21269681.9703531 3448565.68232219 4 0 0 0 
1 120.5853005 31.1360266 0 355.83 21269681.9511629 3448566.11552634 4 0 0 0 
1 120.5853001 31.1360305 0 355.81 21269681.922432 3448566.54893854 4 0 0 0 
1 120.5852998 31.1360345 0 355.79 21269681.9034837 3448566.99323449 4 0 0 0 
1 120.5852995 31.1360384 0 355.78 21269681.8842936 3448567.42643865 4 0 0 0 
1 120.5852992 31.1360423 0 355.79 21269681.8651035 3448567.85964281 4 0 0 0 
1 120.5852988 31.1360462 0 355.82 21269681.8363725 3448568.293055 4 0 0 0 
1 120.5852985 31.1360501 0 355.83 21269681.8171824 3448568.72625916 4 0 0 0 
1 120.5852981 31.1360539 0 355.8 21269681.7882097 3448569.14857956 4 0 0 0 
1 120.5852978 31.1360578 0 355.8 21269681.7690195 3448569.58178371 4 0 0 0 
1 120.5852975 31.1360617 0 355.81 21269681.7498294 3448570.01498788 4 0 0 0 
1 120.5852971 31.1360656 0 355.8 21269681.7210985 3448570.44840007 4 0 0 0 
1 120.5852966 31.1360693 0 355.8 21269681.6823431 3448570.85983671 4 0 0 0 
1 120.5852962 31.1360732 0 355.82 21269681.6536122 3448571.29324891 4 0 0 0 
1 120.5852959 31.1360771 0 355.8 21269681.6344221 3448571.72645307 4 0 0 0 
1 120.5852956 31.1360809 0 355.78 21269681.6149902 3448572.14856543 4 0 0 0 
1 120.5852953 31.1360847 0 355.79 21269681.5955582 3448572.5706778 4 0 0 0 
1 120.585295 31.1360886 0 355.8 21269681.5763681 3448573.00388197 4 0 0 0 
1 120.5852945 31.1360923 0 355.78 21269681.5376127 3448573.41531861 4 0 0 0 
1 120.5852942 31.1360961 0 355.77 21269681.5181808 3448573.83743097 4 0 0 0 
1 120.5852939 31.1360998 0 355.78 21269681.498507 3448574.24845155 4 0 0 0 
1 120.5852936 31.1361036 0 355.76 21269681.4790751 3448574.67056391 4 0 0 0 
1 120.5852933 31.1361074 0 355.75 21269681.4596432 3448575.09267628 4 0 0 0 
1 120.585293 31.1361112 0 355.74 21269681.4402113 3448575.51478865 4 0 0 0 
1 120.5852926 31.1361149 0 355.73 21269681.4109967 3448575.92601726 4 0 0 0 
1 120.5852923 31.1361187 0 355.74 21269681.3915648 3448576.34812963 4 0 0 0 
1 120.5852919 31.1361223 0 355.77 21269681.3621084 3448576.74826644 4 0 0 0 
1 120.5852916 31.136126 0 355.8 21269681.3424346 3448577.15928702 4 0 0 0 
1 120.5852912 31.1361297 0 355.81 21269681.3132201 3448577.57051563 4 0 0 0 
1 120.5852909 31.1361334 0 355.81 21269681.2935463 3448577.9815362 4 0 0 0 
1 120.5852905 31.1361369 0 355.81 21269681.2638481 3448578.37058122 4 0 0 0 
1 120.5852902 31.1361405 0 355.83 21269681.2439325 3448578.77051 4 0 0 0 
1 120.58529 31.1361441 0 355.87 21269681.2335577 3448579.17023074 4 0 0 0 
1 120.5852897 31.1361477 0 355.89 21269681.2136421 3448579.57015952 4 0 0 0 
1 120.5852894 31.1361513 0 355.9 21269681.1937265 3448579.9700883 4 0 0 0 
1 120.5852891 31.1361548 0 355.92 21269681.173569 3448580.35892529 4 0 0 0 
1 120.5852888 31.1361584 0 355.93 21269681.1536535 3448580.75885407 4 0 0 0 
1 120.5852886 31.1361619 0 355.94 21269681.1430368 3448581.14748302 4 0 0 0 
1 120.5852884 31.1361654 0 355.94 21269681.1324202 3448581.53611196 4 0 0 0 
1 120.5852881 31.136169 0 355.95 21269681.1125046 3448581.93604075 4 0 0 0 
1 120.5852878 31.1361725 0 355.96 21269681.0923472 3448582.32487773 4 0 0 0 
1 120.5852875 31.136176 0 355.97 21269681.0721897 3448582.71371472 4 0 0 0 
1 120.5852871 31.1361796 0 355.96 21269681.0427334 3448583.11385154 4 0 0 0 
1 120.5852868 31.1361831 0 355.97 21269681.022576 3448583.50268852 4 0 0 0 
1 120.5852866 31.1361867 0 355.97 21269681.0122012 3448583.90240927 4 0 0 0 
1 120.5852863 31.1361902 0 355.95 21269680.9920438 3448584.29124626 4 0 0 0 
1 120.585286 31.1361938 0 355.93 21269680.9721282 3448584.69117504 4 0 0 0 
1 120.5852857 31.1361966 0 355.91 21269680.9502778 3448585.00236946 4 0 0 0 
1 120.5852854 31.1362008 0 355.87 21269680.9318134 3448585.46884902 4 0 0 0 
1 120.585285 31.1362043 0 355.84 21269680.9021152 3448585.85789404 4 0 0 0 
1 120.5852847 31.1362078 0 355.82 21269680.8819578 3448586.24673103 4 0 0 0 
1 120.5852844 31.1362113 0 355.79 21269680.8618004 3448586.63556802 4 0 0 0 
1 120.5852842 31.1362147 0 355.78 21269680.850942 3448587.01310518 4 0 0 0 
1 120.5852839 31.1362181 0 355.79 21269680.8305427 3448587.39085037 4 0 0 0 
1 120.5852836 31.1362216 0 355.8 21269680.8103853 3448587.77968736 4 0 0 0 
1 120.5852833 31.1362251 0 355.79 21269680.7902279 3448588.16852435 4 0 0 0 
1 120.5852829 31.1362285 0 355.79 21269680.7602879 3448588.54647758 4 0 0 0 
1 120.5852826 31.136232 0 355.78 21269680.7401305 3448588.93531457 4 0 0 0 
1 120.5852823 31.1362354 0 355.78 21269680.7197313 3448589.31305977 4 0 0 0 
1 120.585282 31.1362388 0 355.79 21269680.6993321 3448589.69080497 4 0 0 0 
1 120.5852817 31.1362423 0 355.81 21269680.6791747 3448590.07964196 4 0 0 0 
1 120.5852814 31.1362457 0 355.84 21269680.6587755 3448590.45738715 4 0 0 0 
1 120.5852812 31.1362492 0 355.88 21269680.6481589 3448590.84601611 4 0 0 0 
1 120.5852809 31.1362526 0 355.93 21269680.6277597 3448591.22376131 4 0 0 0 
1 120.5852805 31.1362561 0 355.97 21269680.5980615 3448591.61280634 4 0 0 0 
1 120.5852803 31.1362595 0 356.02 21269680.5872031 3448591.9903435 4 0 0 0 
1 120.58528 31.1362629 0 356.06 21269680.5668039 3448592.36808869 4 0 0 0 
1 120.5852797 31.1362664 0 356.07 21269680.5466466 3448592.75692569 4 0 0 0 
1 120.5852794 31.1362698 0 356.06 21269680.5262474 3448593.13467089 4 0 0 0 
1 120.5852791 31.1362733 0 356.06 21269680.50609 3448593.52350788 4 0 0 0 
1 120.5852788 31.1362767 0 356.04 21269680.4856908 3448593.90125308 4 0 0 0 
1 120.5852785 31.1362801 0 356.03 21269680.4652916 3448594.27899828 4 0 0 0 
1 120.5852783 31.1362835 0 356.02 21269680.4544332 3448594.65653544 4 0 0 0 
1 120.585278 31.1362869 0 356 21269680.434034 3448595.03428064 4 0 0 0 
1 120.5852776 31.1362904 0 355.96 21269680.4043359 3448595.42332568 4 0 0 0 
1 120.5852773 31.1362938 0 355.93 21269680.3839367 3448595.80107088 4 0 0 0 
1 120.5852771 31.1362972 0 355.92 21269680.3730783 3448596.17860804 4 0 0 0 
1 120.5852768 31.1363006 0 355.9 21269680.3526791 3448596.55635324 4 0 0 0 
1 120.5852765 31.136304 0 355.88 21269680.33228 3448596.93409844 4 0 0 0 
1 120.5852762 31.1363074 0 355.87 21269680.3118808 3448597.31184365 4 0 0 0 
1 120.585276 31.1363108 0 355.85 21269680.3010224 3448597.68938081 4 0 0 0 
1 120.5852757 31.1363142 0 355.84 21269680.2806232 3448598.06712601 4 0 0 0 
1 120.5852753 31.1363176 0 355.83 21269680.2506833 3448598.44507925 4 0 0 0 
1 120.5852751 31.136321 0 355.83 21269680.2398249 3448598.82261642 4 0 0 0 
1 120.5852747 31.1363245 0 355.79 21269680.2101268 3448599.21166145 4 0 0 0 
1 120.5852745 31.1363279 0 355.78 21269680.1992685 3448599.58919862 4 0 0 0 
1 120.5852742 31.1363313 0 355.78 21269680.1788693 3448599.96694382 4 0 0 0 
1 120.5852739 31.1363347 0 355.77 21269680.1584702 3448600.34468903 4 0 0 0 
1 120.5852736 31.1363381 0 355.77 21269680.138071 3448600.72243423 4 0 0 0 
1 120.5852733 31.1363415 0 355.78 21269680.1176719 3448601.10017944 4 0 0 0 
1 120.585273 31.1363448 0 355.79 21269680.0970309 3448601.46683285 4 0 0 0 
1 120.5852728 31.1363481 0 355.81 21269680.0859306 3448601.83327822 4 0 0 0 
1 120.5852725 31.1363515 0 355.83 21269680.0655315 3448602.21102342 4 0 0 0 
1 120.5852721 31.1363548 0 355.86 21269680.0353497 3448602.57788487 4 0 0 0 
1 120.5852718 31.1363581 0 355.86 21269680.0147087 3448602.94453828 4 0 0 0 
1 120.5852715 31.1363615 0 355.86 21269679.9943096 3448603.32228349 4 0 0 0 
1 120.5852713 31.1363649 0 355.86 21269679.9834513 3448603.69982066 4 0 0 0 
1 120.585271 31.1363676 0 355.87 21269679.9613591 3448603.99992329 4 0 0 0 
1 120.5852708 31.1363717 0 355.87 21269679.9521938 3448604.45510303 4 0 0 0 
1 120.5852705 31.136375 0 355.88 21269679.9315528 3448604.82175644 4 0 0 0 
1 120.5852702 31.1363783 0 355.89 21269679.9109119 3448605.18840986 4 0 0 0 
1 120.58527 31.1363816 0 355.89 21269679.8998117 3448605.55485523 4 0 0 0 
1 120.5852698 31.1363849 0 355.89 21269679.8887115 3448605.9213006 4 0 0 0 
1 120.5852695 31.1363882 0 355.88 21269679.8680705 3448606.28795401 4 0 0 0 
1 120.5852692 31.1363909 0 355.87 21269679.8459784 3448606.58805664 4 0 0 0 
1 120.5852689 31.1363948 0 355.88 21269679.8267886 3448607.02126084 4 0 0 0 
1 120.5852687 31.1363975 0 355.88 21269679.8142372 3448607.32115543 4 0 0 0 
1 120.5852684 31.1364014 0 355.89 21269679.7950475 3448607.75435963 4 0 0 0 
1 120.585268 31.1364048 0 355.88 21269679.7651076 3448608.13231288 4 0 0 0 
1 120.5852678 31.136408 0 355.87 21269679.7537655 3448608.48766645 4 0 0 0 
1 120.5852676 31.1364107 0 355.87 21269679.7412142 3448608.78756105 4 0 0 0 
1 120.5852672 31.1364146 0 355.86 21269679.7124837 3448609.22097328 4 0 0 0 
1 120.585267 31.1364172 0 355.86 21269679.6996905 3448609.50977608 4 0 0 0 
1 120.5852666 31.1364211 0 355.86 21269679.6709599 3448609.94318832 4 0 0 0 
1 120.5852664 31.1364244 0 355.86 21269679.6598598 3448610.30963369 4 0 0 0 
1 120.5852661 31.1364277 0 355.85 21269679.6392188 3448610.67628711 4 0 0 0 
1 120.5852659 31.136431 0 355.86 21269679.6281187 3448611.04273249 4 0 0 0 
1 120.5852656 31.1364343 0 355.86 21269679.6074777 3448611.4093859 4 0 0 0 
1 120.5852654 31.1364369 0 355.87 21269679.5946846 3448611.6981887 4 0 0 0 
1 120.585265 31.1364408 0 355.87 21269679.565954 3448612.13160094 4 0 0 0 
1 120.5852648 31.136444 0 355.86 21269679.554612 3448612.48695452 4 0 0 0 
1 120.5852645 31.1364473 0 355.84 21269679.5339711 3448612.85360794 4 0 0 0 
1 120.5852642 31.1364506 0 355.81 21269679.5133302 3448613.22026136 4 0 0 0 
1 120.5852639 31.1364538 0 355.81 21269679.4924474 3448613.57582298 4 0 0 0 
1 120.5852638 31.1364564 0 355.81 21269679.489195 3448613.86441774 4 0 0 0 
1 120.5852635 31.1364604 0 355.78 21269679.4702471 3448614.30871374 4 0 0 0 
1 120.5852632 31.1364636 0 355.75 21269679.4493644 3448614.66427536 4 0 0 0 
1 120.585263 31.1364669 0 355.74 21269679.4382642 3448615.03072074 4 0 0 0 
1 120.5852627 31.1364702 0 355.74 21269679.4176233 3448615.39737416 4 0 0 0 
1 120.5852623 31.1364734 0 355.71 21269679.3871998 3448615.75314382 4 0 0 0 
1 120.585262 31.1364766 0 355.69 21269679.366317 3448616.10870544 4 0 0 0 
1 120.5852617 31.1364798 0 355.68 21269679.3454343 3448616.46426707 4 0 0 0 
1 120.5852614 31.136483 0 355.66 21269679.3245515 3448616.81982869 4 0 0 0 
1 120.5852611 31.1364862 0 355.63 21269679.3036688 3448617.17539032 4 0 0 0 
1 120.5852608 31.1364888 0 355.61 21269679.2813349 3448617.46440116 4 0 0 0 
1 120.5852605 31.1364927 0 355.61 21269679.2621452 3448617.89760536 4 0 0 0 
1 120.5852603 31.1364953 0 355.61 21269679.249352 3448618.18640817 4 0 0 0 
1 120.58526 31.1364992 0 355.61 21269679.2301623 3448618.61961237 4 0 0 0 
1 120.5852597 31.1365023 0 355.62 21269679.2090377 3448618.9640822 4 0 0 0 
1 120.5852595 31.1365049 0 355.6 21269679.1962446 3448619.252885 4 0 0 0 
1 120.5852592 31.1365081 0 355.58 21269679.1753619 3448619.60844663 4 0 0 0 
1 120.5852588 31.1365119 0 355.56 21269679.1463895 3448620.03076708 4 0 0 0 
1 120.5852585 31.1365145 0 355.56 21269679.1240556 3448620.31977792 4 0 0 0 
1 120.5852582 31.1365183 0 355.56 21269679.1046241 3448620.74189033 4 0 0 0 
1 120.5852579 31.1365215 0 355.54 21269679.0837414 3448621.09745196 4 0 0 0 
1 120.5852577 31.1365246 0 355.52 21269679.0721576 3448621.44171375 4 0 0 0 
1 120.5852575 31.1365272 0 355.52 21269679.0593644 3448621.73051655 4 0 0 0 
1 120.5852572 31.1365303 0 355.51 21269679.0382399 3448622.07498638 4 0 0 0 
1 120.5852569 31.1365335 0 355.52 21269679.0173572 3448622.43054801 4 0 0 0 
1 120.5852565 31.1365373 0 355.51 21269678.9883849 3448622.85286847 4 0 0 0 
1 120.5852563 31.1365398 0 355.5 21269678.9753499 3448623.13057947 4 0 0 0 
1 120.5852558 31.1365436 0 355.49 21269678.9368368 3448623.55310797 4 0 0 0 
1 120.5852555 31.1365461 0 355.48 21269678.9142611 3448623.83102702 4 0 0 0 
1 120.5852552 31.1365499 0 355.48 21269678.8948296 3448624.25313943 4 0 0 0 
1 120.5852549 31.1365524 0 355.47 21269678.8722539 3448624.53105848 4 0 0 0 
1 120.5852546 31.1365562 0 355.45 21269678.8528223 3448624.9531709 4 0 0 0 
1 120.5852544 31.1365587 0 355.44 21269678.8397874 3448625.23088191 4 0 0 0 
1 120.585254 31.1365625 0 355.39 21269678.8108151 3448625.65320236 4 0 0 0 
1 120.5852538 31.136565 0 355.34 21269678.7977801 3448625.93091337 4 0 0 0 
1 120.5852534 31.1365682 0 355.3 21269678.7673567 3448626.28668305 4 0 0 0 
1 120.5852531 31.1365715 0 355.28 21269678.7467159 3448626.65333647 4 0 0 0 
1 120.5852527 31.1365753 0 355.25 21269678.7177436 3448627.07565693 4 0 0 0 
1 120.5852524 31.1365785 0 355.23 21269678.696861 3448627.43121856 4 0 0 0 
1 120.5852521 31.1365817 0 355.21 21269678.6759783 3448627.7867802 4 0 0 0 
1 120.5852518 31.1365843 0 355.19 21269678.6536445 3448628.07579105 4 0 0 0 
1 120.5852514 31.1365882 0 355.17 21269678.6249141 3448628.5092033 4 0 0 0 
1 120.5852512 31.1365908 0 355.16 21269678.612121 3448628.79800611 4 0 0 0 
1 120.5852508 31.136594 0 355.15 21269678.5816976 3448629.15377579 4 0 0 0 
1 120.5852506 31.1365972 0 355.12 21269678.5703557 3448629.50912938 4 0 0 0 
1 120.5852502 31.1366011 0 355.09 21269678.5416253 3448629.94254164 4 0 0 0 
1 120.5852499 31.1366037 0 355.08 21269678.5192915 3448630.23155249 4 0 0 0 
1 120.5852495 31.1366077 0 355.07 21269678.490803 3448630.67605654 4 0 0 0 
1 120.5852492 31.1366103 0 355.06 21269678.4684692 3448630.9650674 4 0 0 0 
1 120.5852489 31.1366137 0 355.07 21269678.4480703 3448631.34281263 4 0 0 0 
1 120.5852487 31.136617 0 355.1 21269678.4369702 3448631.70925802 4 0 0 0 
1 120.5852483 31.1366203 0 355.13 21269678.4067887 3448632.0761195 4 0 0 0 
1 120.5852479 31.1366235 0 355.15 21269678.3763653 3448632.43188917 4 0 0 0 
1 120.5852475 31.1366275 0 355.19 21269678.3478769 3448632.87639323 4 0 0 0 
1 120.5852472 31.1366303 0 355.2 21269678.3260268 3448633.18758768 4 0 0 0 
1 120.5852468 31.1366342 0 355.22 21269678.2972964 3448633.62099994 4 0 0 0 
1 120.5852466 31.1366369 0 355.21 21269678.2847453 3448633.92089455 4 0 0 0 
1 120.5852463 31.1366402 0 355.22 21269678.2641045 3448634.28754799 4 0 0 0 
1 120.585246 31.1366436 0 355.25 21269678.2437056 3448634.66529322 4 0 0 0 
1 120.5852456 31.1366476 0 355.27 21269678.2152172 3448635.10979728 4 0 0 0 
1 120.5852453 31.1366502 0 355.27 21269678.1928834 3448635.39880814 4 0 0 0 
1 120.585245 31.1366536 0 355.29 21269678.1724845 3448635.77655337 4 0 0 0 
1 120.5852448 31.136657 0 355.31 21269678.1616264 3448636.15409057 4 0 0 0 
1 120.5852445 31.1366604 0 355.32 21269678.1412275 3448636.5318358 4 0 0 0 
1 120.5852441 31.1366638 0 355.32 21269678.1112879 3448636.90978908 4 0 0 0 
1 120.5852437 31.1366679 0 355.34 21269678.0830413 3448637.36538494 4 0 0 0 
1 120.5852434 31.1366706 0 355.35 21269678.0609494 3448637.66548759 4 0 0 0 
1 120.5852431 31.136674 0 355.37 21269678.0405505 3448638.04323283 4 0 0 0 
1 120.5852428 31.1366774 0 355.38 21269678.0201517 3448638.42097807 4 0 0 0 
1 120.5852424 31.1366814 0 355.39 21269677.9916632 3448638.86548213 4 0 0 0 
1 120.5852421 31.1366841 0 355.4 21269677.9695713 3448639.16558479 4 0 0 0 
1 120.5852418 31.1366875 0 355.41 21269677.9491725 3448639.54333002 4 0 0 0 
1 120.5852415 31.1366907 0 355.43 21269677.9282899 3448639.89889167 4 0 0 0 
1 120.5852412 31.136694 0 355.46 21269677.9076492 3448640.26554511 4 0 0 0 
1 120.5852408 31.1366974 0 355.47 21269677.8777096 3448640.64349839 4 0 0 0 
1 120.5852405 31.1367008 0 355.48 21269677.8573108 3448641.02124363 4 0 0 0 
1 120.5852403 31.1367041 0 355.51 21269677.8462108 3448641.38768903 4 0 0 0 
1 120.58524 31.1367074 0 355.53 21269677.8255701 3448641.75434247 4 0 0 0 
1 120.5852397 31.1367108 0 355.54 21269677.8051713 3448642.13208771 4 0 0 0 
1 120.5852394 31.1367147 0 355.56 21269677.7859818 3448642.56529194 4 0 0 0 
1 120.5852392 31.1367173 0 355.58 21269677.7731888 3448642.85409476 4 0 0 0 
1 120.5852389 31.1367206 0 355.6 21269677.7525481 3448643.2207482 4 0 0 0 
1 120.5852385 31.1367239 0 355.6 21269677.7223667 3448643.58760969 4 0 0 0 
1 120.5852382 31.1367277 0 355.63 21269677.7029353 3448644.00972212 4 0 0 0 
1 120.5852379 31.1367304 0 355.64 21269677.6808434 3448644.30982478 4 0 0 0 
1 120.5852376 31.1367342 0 355.66 21269677.6614121 3448644.73193721 4 0 0 0 
1 120.5852374 31.1367369 0 355.66 21269677.648861 3448645.03183183 4 0 0 0 
1 120.5852372 31.1367401 0 355.68 21269677.6375192 3448645.38718543 4 0 0 0 
1 120.5852369 31.1367433 0 355.69 21269677.6166366 3448645.74274708 4 0 0 0 
1 120.5852367 31.1367465 0 355.71 21269677.6052948 3448646.09810068 4 0 0 0 
1 120.5852363 31.1367495 0 355.74 21269677.5743878 3448646.43168678 4 0 0 0 
1 120.5852361 31.1367526 0 355.75 21269677.5628042 3448646.77594859 4 0 0 0 
1 120.5852358 31.1367557 0 355.76 21269677.5416798 3448647.12041844 4 0 0 0 
1 120.5852355 31.1367588 0 355.78 21269677.5205554 3448647.46488829 4 0 0 0 
1 120.5852352 31.1367619 0 355.79 21269677.499431 3448647.80935815 4 0 0 0 
1 120.5852349 31.136765 0 355.8 21269677.4783066 3448648.153828 4 0 0 0 
1 120.5852347 31.1367681 0 355.81 21269677.466723 3448648.49808981 4 0 0 0 
1 120.5852344 31.1367712 0 355.84 21269677.4455986 3448648.84255966 4 0 0 0 
1 120.5852341 31.1367743 0 355.85 21269677.4244743 3448649.18702951 4 0 0 0 
1 120.5852339 31.1367774 0 355.86 21269677.4128906 3448649.53129133 4 0 0 0 
1 120.5852336 31.1367805 0 355.85 21269677.3917662 3448649.87576118 4 0 0 0 
1 120.5852334 31.1367836 0 355.85 21269677.3801826 3448650.22002299 4 0 0 0 
1 120.5852331 31.1367867 0 355.87 21269677.3590582 3448650.56449284 4 0 0 0 
1 120.5852329 31.1367898 0 355.89 21269677.3474746 3448650.90875466 4 0 0 0 
1 120.5852326 31.1367929 0 355.92 21269677.3263503 3448651.25322451 4 0 0 0 
1 120.5852323 31.1367959 0 355.99 21269677.304984 3448651.58660257 4 0 0 0 
1 120.585232 31.1367989 0 356.1 21269677.2836178 3448651.91998063 4 0 0 0 
1 120.5852318 31.136802 0 356.24 21269677.2720342 3448652.26424244 4 0 0 0 
1 120.5852316 31.1368051 0 356.44 21269677.2604506 3448652.60850425 4 0 0 0 
1 120.5852314 31.1368081 0 356.72 21269677.2486251 3448652.94167427 4 0 0 0 
1 120.5852312 31.1368112 0 357.04 21269677.2370415 3448653.28593608 4 0 0 0 
1 120.5852309 31.1368142 0 357.42 21269677.2156753 3448653.61931414 4 0 0 0 
1 120.5852307 31.1368173 0 357.8 21269677.2040917 3448653.96357595 4 0 0 0 
1 120.5852306 31.1368203 0 358.2 21269677.2018069 3448654.29653792 4 0 0 0 
1 120.5852305 31.1368232 0 358.66 21269677.1992803 3448654.6184081 4 0 0 0 
1 120.5852305 31.1368262 0 359.15 21269677.2065363 3448654.95116202 4 0 0 0 
1 120.5852304 31.1368293 0 359.7 21269677.2044934 3448655.29521579 4 0 0 0 
1 120.5852304 31.1368322 0 0.33 21269677.2115076 3448655.61687792 4 0 0 0 
1 120.5852303 31.1368353 0 1.01 21269677.2094647 3448655.96093169 4 0 0 0 
1 120.5852304 31.1368383 0 1.74 21269677.2262614 3448656.29347758 4 0 0 0 
1 120.5852305 31.1368412 0 2.51 21269677.2428163 3448656.61493167 4 0 0 0 
1 120.5852306 31.1368441 0 3.3 21269677.2593712 3448656.93638575 4 0 0 0 
1 120.5852308 31.1368471 0 4.15 21269677.2857086 3448657.26872359 4 0 0 0 
1 120.5852311 31.13685 0 5.04 21269677.3213449 3448657.58976159 4 0 0 0 
1 120.5852312 31.1368529 0 5.96 21269677.3378998 3448657.91121568 4 0 0 0 
1 120.5852316 31.1368558 0 6.93 21269677.3830769 3448658.23204563 4 0 0 0 
1 120.5852319 31.1368588 0 8 21269677.418955 3448658.56417543 4 0 0 0 
1 120.5852322 31.1368617 0 9.14 21269677.4545914 3448658.88521343 4 0 0 0 
1 120.5852327 31.1368645 0 10.36 21269677.5090673 3448659.19474354 4 0 0 0 
1 120.5852332 31.1368674 0 11.61 21269677.563785 3448659.51536545 4 0 0 0 
1 120.5852339 31.1368703 0 12.95 21269677.6375843 3448659.83557127 4 0 0 0 
1 120.5852346 31.1368731 0 14.4 21269677.7111416 3448660.1446853 4 0 0 0 
1 120.5852355 31.1368759 0 15.93 21269677.8037804 3448660.45338324 4 0 0 0 
1 120.5852364 31.1368787 0 17.46 21269677.8964192 3448660.76208118 4 0 0 0 
1 120.5852373 31.1368815 0 18.98 21269677.989058 3448661.07077912 4 0 0 0 
1 120.5852384 31.1368843 0 20.55 21269678.1007783 3448661.37906097 4 0 0 0 
1 120.5852395 31.1368871 0 22.15 21269678.2124985 3448661.68734282 4 0 0 0 
1 120.5852407 31.1368899 0 23.65 21269678.3337595 3448661.99541664 4 0 0 0 
1 120.585242 31.1368926 0 25 21269678.4643193 3448662.29219061 4 0 0 0 
1 120.5852434 31.1368953 0 26.42 21269678.6044198 3448662.58875654 4 0 0 0 
1 120.5852449 31.1368979 0 27.96 21269678.7538192 3448662.87402263 4 0 0 0 
1 120.5852465 31.1369006 0 29.45 21269678.9130012 3448663.17017247 4 0 0 0 
1 120.585248 31.1369032 0 30.87 21269679.0624006 3448663.45543857 4 0 0 0 
1 120.5852497 31.1369058 0 32.3 21269679.2308814 3448663.74028858 4 0 0 0 
1 120.5852514 31.1369082 0 33.8 21269679.3988785 3448664.00295499 4 0 0 0 
1 120.5852533 31.1369107 0 35.3 21269679.5861988 3448664.27629712 4 0 0 0 
1 120.5852553 31.136913 0 36.79 21269679.7825762 3448664.52724762 4 0 0 0 
1 120.5852573 31.1369154 0 38.33 21269679.9791954 3448664.78928992 4 0 0 0 
1 120.5852593 31.1369178 0 39.95 21269680.1758146 3448665.05133222 4 0 0 0 
1 120.5852614 31.1369201 0 41.56 21269680.3817327 3448665.30207468 4 0 0 0 
1 120.5852636 31.1369223 0 43.13 21269680.5969496 3448665.54151731 4 0 0 0 
1 120.5852659 31.1369245 0 44.74 21269680.8217072 3448665.7807519 4 0 0 0 
1 120.5852683 31.1369267 0 46.4 21269681.0560056 3448666.01977846 4 0 0 0 
1 120.5852707 31.1369287 0 48.1 21269681.2898202 3448666.23662142 4 0 0 0 
1 120.5852733 31.1369307 0 49.76 21269681.5427162 3448666.45304831 4 0 0 0 
1 120.5852759 31.1369326 0 51.42 21269681.7953704 3448666.6583834 4 0 0 0 
1 120.5852786 31.1369345 0 53.13 21269682.0575652 3448666.86351046 4 0 0 0 
1 120.5852813 31.1369363 0 54.85 21269682.3195182 3448667.05754573 4 0 0 0 
1 120.5852841 31.1369381 0 56.57 21269682.5910119 3448667.25137296 4 0 0 0 
1 120.5852869 31.1369397 0 58.32 21269682.8620219 3448667.42301661 4 0 0 0 
1 120.5852899 31.1369413 0 60.12 21269683.1521133 3448667.59424418 4 0 0 0 
1 120.5852929 31.1369428 0 61.91 21269683.4419629 3448667.75437996 4 0 0 0 
1 120.5852958 31.1369443 0 63.71 21269683.7222717 3448667.91472379 4 0 0 0 
1 120.5852989 31.1369457 0 65.5 21269684.0214201 3448668.06355975 4 0 0 0 
1 120.5853021 31.136947 0 67.24 21269684.3298673 3448668.20109589 4 0 0 0 
1 120.5853053 31.1369483 0 68.98 21269684.6383145 3448668.33863203 4 0 0 0 
1 120.5853085 31.1369493 0 70.69 21269684.9460361 3448668.44289278 4 0 0 0 
1 120.5853118 31.1369504 0 72.31 21269685.2635404 3448668.55803731 4 0 0 0 
1 120.5853151 31.1369514 0 73.86 21269685.5808027 3448668.66209005 4 0 0 0 
1 120.5853184 31.1369523 0 75.37 21269685.8978232 3448668.755051 4 0 0 0 
1 120.5853218 31.1369531 0 76.81 21269686.2241425 3448668.83671212 4 0 0 0 
1 120.5853252 31.1369539 0 78.13 21269686.5504618 3448668.91837326 4 0 0 0 
1 120.5853287 31.1369545 0 79.39 21269686.8858382 3448668.97764277 4 0 0 0 
1 120.5853322 31.1369551 0 80.58 21269687.2212145 3448669.0369123 4 0 0 0 
1 120.5853357 31.1369557 0 81.6 21269687.5565908 3448669.09618183 4 0 0 0 
1 120.5853392 31.1369562 0 82.47 21269687.8917252 3448669.14435958 4 0 0 0 
1 120.5853427 31.1369565 0 83.23 21269688.226376 3448669.17035374 4 0 0 0 
1 120.5853462 31.1369569 0 83.81 21269688.5612686 3448669.20743971 4 0 0 0 
1 120.5853497 31.136957 0 84.25 21269688.8954356 3448669.2112503 4 0 0 0 
1 120.5853532 31.1369572 0 84.57 21269689.2298445 3448669.2261527 4 0 0 0 
1 120.5853568 31.1369574 0 84.76 21269689.5737941 3448669.24084707 4 0 0 0 
1 120.5853603 31.1369577 0 84.84 21269689.9084448 3448669.26684129 4 0 0 0 
1 120.5853639 31.1369579 0 84.87 21269690.2523944 3448669.28153568 4 0 0 0 
1 120.5853674 31.1369582 0 84.91 21269690.5870451 3448669.30752992 4 0 0 0 
1 120.5853709 31.1369584 0 84.97 21269690.9214539 3448669.32243237 4 0 0 0 
1 120.5853745 31.1369587 0 85.01 21269691.2656454 3448669.34821859 4 0 0 0 
1 120.585378 31.1369588 0 85.05 21269691.5998124 3448669.35202927 4 0 0 0 
1 120.5853815 31.1369591 0 85.12 21269691.9344631 3448669.37802355 4 0 0 0 
1 120.585385 31.1369593 0 85.16 21269692.268872 3448669.39292604 4 0 0 0 
1 120.5853885 31.1369595 0 85.17 21269692.6032808 3448669.40782854 4 0 0 0 
1 120.5853921 31.1369597 0 85.17 21269692.9472304 3448669.42252303 4 0 0 0 
1 120.5853956 31.13696 0 85.13 21269693.2818811 3448669.44851735 4 0 0 0 
1 120.5853991 31.1369602 0 85.11 21269693.6162899 3448669.46341988 4 0 0 0 
1 120.5854027 31.1369605 0 85.07 21269693.9604814 3448669.4892062 4 0 0 0 
1 120.5854062 31.1369606 0 85.03 21269694.2946484 3448669.49301696 4 0 0 0 
1 120.5854097 31.1369609 0 84.98 21269694.629299 3448669.51901132 4 0 0 0 
1 120.5854132 31.1369611 0 84.88 21269694.9637079 3448669.5339139 4 0 0 0 
1 120.5854167 31.1369614 0 84.8 21269695.2983586 3448669.55990828 4 0 0 0 
1 120.5854203 31.1369616 0 84.76 21269695.6423081 3448669.57460285 4 0 0 0 
1 120.5854239 31.1369619 0 84.75 21269695.9864995 3448669.60038923 4 0 0 0 
1 120.5854273 31.1369622 0 84.77 21269696.3116095 3448669.62659167 4 0 0 0 
1 120.5854309 31.1369625 0 84.84 21269696.6558009 3448669.65237807 4 0 0 0 
1 120.5854344 31.1369628 0 84.91 21269696.9904516 3448669.67837251 4 0 0 0 
1 120.585438 31.1369632 0 84.99 21269697.3348848 3448669.71525073 4 0 0 0 
1 120.5854417 31.1369634 0 85.04 21269697.6883751 3448669.72973734 4 0 0 0 
1 120.5854452 31.1369637 0 85.11 21269698.0230257 3448669.75573181 4 0 0 0 
1 120.5854488 31.1369638 0 85.18 21269698.3667334 3448669.75933467 4 0 0 0 
1 120.5854524 31.136964 0 85.25 21269698.710683 3448669.77402934 4 0 0 0 
1 120.5854561 31.1369643 0 85.34 21269699.0644151 3448669.79960779 4 0 0 0 
1 120.5854597 31.1369645 0 85.41 21269699.4083646 3448669.81430249 4 0 0 0 
1 120.5854634 31.1369648 0 85.46 21269699.7620967 3448669.83988096 4 0 0 0 
1 120.5854671 31.136965 0 85.51 21269700.1155869 3448669.85436765 4 0 0 0 
1 120.5854709 31.1369651 0 85.55 21269700.4783761 3448669.85755453 4 0 0 0 
1 120.5854746 31.1369654 0 85.55 21269700.8321082 3448669.88313304 4 0 0 0 
1 120.5854783 31.1369656 0 85.57 21269701.1855984 3448669.89761977 4 0 0 0 
1 120.585482 31.1369659 0 85.58 21269701.5393305 3448669.9231983 4 0 0 0 
1 120.5854858 31.1369663 0 85.57 21269701.9028451 3448669.95966062 4 0 0 0 
1 120.5854896 31.1369665 0 85.56 21269702.2658761 3448669.97393936 4 0 0 0 
1 120.5854934 31.1369667 0 85.52 21269702.628907 3448669.98821811 4 0 0 0 
1 120.5854972 31.136967 0 85.5 21269702.9921798 3448670.01358867 4 0 0 0 
1 120.585501 31.1369671 0 85.52 21269703.3549689 3448670.01677565 4 0 0 0 
1 120.5855049 31.1369674 0 85.53 21269703.7277824 3448670.04193822 4 0 0 0 
1 120.5855087 31.1369677 0 85.53 21269704.0910552 3448670.06730882 4 0 0 0 
1 120.5855125 31.136968 0 85.53 21269704.454328 3448670.09267943 4 0 0 0 
1 120.5855163 31.1369682 0 85.55 21269704.8173589 3448670.10695825 4 0 0 0 
1 120.5855202 31.1369685 0 85.56 21269705.1901724 3448670.13212087 4 0 0 0 
1 120.5855241 31.1369687 0 85.57 21269705.562744 3448670.1461917 4 0 0 0 
1 120.585528 31.136969 0 85.59 21269705.9355575 3448670.17135434 4 0 0 0 
1 120.5855319 31.1369692 0 85.63 21269706.3081292 3448670.1854252 4 0 0 0 
1 120.5855358 31.1369694 0 85.66 21269706.6807008 3448670.19949607 4 0 0 0 
1 120.5855398 31.1369697 0 85.69 21269707.063055 3448670.22445074 4 0 0 0 
1 120.5855437 31.1369699 0 85.7 21269707.4356267 3448670.23852163 4 0 0 0 
1 120.5855477 31.1369702 0 85.71 21269707.8179808 3448670.26347632 4 0 0 0 
1 120.5855516 31.1369704 0 85.71 21269708.1905525 3448670.27754725 4 0 0 0 
1 120.5855555 31.1369707 0 85.71 21269708.5633659 3448670.30270998 4 0 0 0 
1 120.5855595 31.136971 0 85.71 21269708.9457201 3448670.32766471 4 0 0 0 
1 120.5855636 31.1369712 0 85.72 21269709.3373732 3448670.34131964 4 0 0 0 
1 120.5855676 31.1369715 0 85.74 21269709.7197274 3448670.3662744 4 0 0 0 
1 120.5855717 31.1369717 0 85.75 21269710.1113804 3448670.37992936 4 0 0 0 
1 120.5855758 31.136972 0 85.76 21269710.5032753 3448670.40467613 4 0 0 0 
1 120.5855798 31.1369722 0 85.78 21269710.8853876 3448670.41853914 4 0 0 0 
1 120.585584 31.1369725 0 85.8 21269711.2868232 3448670.44307792 4 0 0 0 
1 120.5855881 31.1369728 0 85.8 21269711.6787181 3448670.46782474 4 0 0 0 
1 120.5855922 31.136973 0 85.8 21269712.0703712 3448670.48147977 4 0 0 0 
1 120.5855963 31.1369733 0 85.79 21269712.462266 3448670.50622661 4 0 0 0 
1 120.5856005 31.1369736 0 85.8 21269712.8637016 3448670.53076546 4 0 0 0 
1 120.5856048 31.1369738 0 85.81 21269713.2744361 3448670.54400451 4 0 0 0 
1 120.585609 31.1369741 0 85.82 21269713.6758717 3448670.56854338 4 0 0 0 
1 120.5856132 31.1369743 0 85.81 21269714.0770654 3448670.58199048 4 0 0 0 
1 120.5856175 31.1369746 0 85.79 21269714.4880417 3448670.60632137 4 0 0 0 
1 120.5856219 31.1369749 0 85.8 21269714.9085587 3448670.63044427 4 0 0 0 
1 120.5856262 31.1369752 0 85.79 21269715.319535 3448670.6547752 4 0 0 0 
1 120.5856305 31.1369755 0 85.76 21269715.7305113 3448670.67910614 4 0 0 0 
1 120.5856349 31.1369758 0 85.76 21269716.1510283 3448670.70322909 4 0 0 0 
1 120.5856393 31.136976 0 85.76 21269716.5713034 3448670.71626026 4 0 0 0 
1 120.5856437 31.1369763 0 85.76 21269716.9918204 3448670.74038324 4 0 0 0 
1 120.585648 31.1369766 0 85.76 21269717.4027967 3448670.76471425 4 0 0 0 
1 120.5856524 31.1369769 0 85.77 21269717.8233137 3448670.78883726 4 0 0 0 
1 120.5856569 31.1369772 0 85.75 21269718.2533714 3448670.81275228 4 0 0 0 
1 120.5856613 31.1369775 0 85.7 21269718.6738883 3448670.83687533 4 0 0 0 
1 120.5856658 31.1369779 0 85.64 21269719.1041878 3448670.87188219 4 0 0 0 
1 120.5856703 31.1369782 0 85.61 21269719.5342455 3448670.89579726 4 0 0 0 
1 120.5856748 31.1369784 0 85.57 21269719.9640614 3448670.90862056 4 0 0 0 
1 120.5856793 31.1369787 0 85.49 21269720.3941191 3448670.93253567 4 0 0 0 
1 120.5856839 31.1369791 0 85.42 21269720.8339593 3448670.96733458 4 0 0 0 
1 120.5856885 31.1369795 0 85.42 21269721.2737995 3448671.00213352 4 0 0 0 
1 120.585693 31.1369799 0 85.38 21269721.704099 3448671.03714048 4 0 0 0 
1 120.5856976 31.1369802 0 85.36 21269722.1436973 3448671.06084765 4 0 0 0 
1 120.5857022 31.1369804 0 85.39 21269722.5830539 3448671.07346305 4 0 0 0 
1 120.5857068 31.1369808 0 85.45 21269723.0228941 3448671.10826206 4 0 0 0 
1 120.5857113 31.1369811 0 85.48 21269723.4529517 3448671.13217729 4 0 0 0 
1 120.5857159 31.1369814 0 85.51 21269723.8925501 3448671.15588454 4 0 0 0 
1 120.5857206 31.1369818 0 85.54 21269724.341931 3448671.1904756 4 0 0 0 
1 120.5857252 31.1369821 0 85.55 21269724.7815294 3448671.21418288 4 0 0 0 
1 120.5857298 31.1369824 0 85.55 21269725.2211277 3448671.23789019 4 0 0 0 
1 120.5857344 31.1369827 0 85.58 21269725.6607261 3448671.26159751 4 0 0 0 
1 120.5857391 31.1369829 0 85.6 21269726.1096233 3448671.27400505 4 0 0 0 
1 120.5857437 31.1369832 0 85.61 21269726.5492216 3448671.29771241 4 0 0 0 
1 120.5857483 31.1369836 0 85.63 21269726.9890618 3448671.33251158 4 0 0 0 
1 120.5857529 31.1369839 0 85.61 21269727.4286601 3448671.35621897 4 0 0 0 
1 120.5857575 31.1369842 0 85.6 21269727.8682585 3448671.37992639 4 0 0 0 
1 120.5857621 31.1369845 0 85.58 21269728.3078568 3448671.40363382 4 0 0 0 
1 120.5857667 31.1369848 0 85.6 21269728.7474551 3448671.42734126 4 0 0 0 
1 120.5857713 31.1369851 0 85.62 21269729.1870534 3448671.45104873 4 0 0 0 
1 120.5857759 31.1369855 0 85.62 21269729.6268936 3448671.48584801 4 0 0 0 
1 120.5857804 31.1369858 0 85.62 21269730.0569512 3448671.50976351 4 0 0 0 
1 120.585785 31.1369861 0 85.62 21269730.4965495 3448671.53347103 4 0 0 0 
1 120.5857896 31.1369864 0 85.62 21269730.9361478 3448671.55717857 4 0 0 0 
1 120.5857943 31.1369866 0 85.62 21269731.385045 3448671.56958634 4 0 0 0 
1 120.585799 31.1369869 0 85.61 21269731.834184 3448671.59308592 4 0 0 0 
1 120.5858036 31.1369872 0 85.6 21269732.2737823 3448671.61679351 4 0 0 0 
1 120.5858083 31.1369875 0 85.59 21269732.7229213 3448671.64029313 4 0 0 0 
1 120.5858129 31.1369879 0 85.56 21269733.1627614 3448671.67509255 4 0 0 0 
1 120.5858176 31.1369882 0 85.52 21269733.6119004 3448671.69859221 4 0 0 0 
1 120.5858222 31.1369885 0 85.49 21269734.0514987 3448671.72229988 4 0 0 0 
1 120.5858269 31.1369888 0 85.48 21269734.5006377 3448671.74579957 4 0 0 0 
1 120.5858315 31.1369892 0 85.48 21269734.9404778 3448671.78059907 4 0 0 0 
1 120.5858362 31.1369895 0 85.47 21269735.3896168 3448671.8040988 4 0 0 0 
1 120.5858408 31.1369897 0 85.46 21269735.8289732 3448671.81671475 4 0 0 0 
1 120.5858454 31.1369901 0 85.45 21269736.2688133 3448671.8515143 4 0 0 0 
1 120.5858501 31.1369904 0 85.44 21269736.7179523 3448671.87501409 4 0 0 0 
1 120.5858548 31.1369907 0 85.44 21269737.1670912 3448671.89851389 4 0 0 0 
1 120.5858593 31.136991 0 85.45 21269737.5971488 3448671.9224297 4 0 0 0 
1 120.585864 31.1369913 0 85.45 21269738.0462878 3448671.94592954 4 0 0 0 
1 120.5858686 31.1369916 0 85.45 21269738.485886 3448671.96963739 4 0 0 0 
1 120.5858732 31.1369919 0 85.45 21269738.9254842 3448671.99334526 4 0 0 0 
1 120.5858778 31.1369922 0 85.44 21269739.3650825 3448672.01705314 4 0 0 0 
1 120.5858824 31.1369925 0 85.41 21269739.8046807 3448672.04076105 4 0 0 0 
1 120.585887 31.1369928 0 85.34 21269740.244279 3448672.06446897 4 0 0 0 
1 120.5858916 31.1369931 0 85.26 21269740.6838772 3448672.08817692 4 0 0 0 
1 120.5858962 31.1369934 0 85.19 21269741.1234754 3448672.11188487 4 0 0 0 
1 120.5858998 31.1369937 0 85.16 21269741.4676665 3448672.13767272 4 0 0 0 
1 120.5859054 31.1369941 0 85.15 21269742.0029137 3448672.17039264 4 0 0 0 
1 120.58591 31.1369944 0 85.16 21269742.4425119 3448672.19410066 4 0 0 0 
1 120.5859147 31.1369947 0 85.17 21269742.8916508 3448672.21760071 4 0 0 0 
1 120.5859193 31.1369951 0 85.18 21269743.3314908 3448672.25240055 4 0 0 0 
1 120.5859238 31.1369954 0 85.19 21269743.7615483 3448672.27631661 4 0 0 0 
1 120.5859285 31.1369958 0 85.2 21269744.210929 3448672.3109085 4 0 0 0 
1 120.5859331 31.1369961 0 85.2 21269744.6505272 3448672.33461661 4 0 0 0 
1 120.5859377 31.1369965 0 85.22 21269745.0903672 3448672.36941653 4 0 0 0 
1 120.5859423 31.1369968 0 85.24 21269745.5299654 3448672.39312467 4 0 0 0 
1 120.5859469 31.1369972 0 85.25 21269745.9698054 3448672.42792462 4 0 0 0 
1 120.5859515 31.1369976 0 85.26 21269746.4096454 3448672.4627246 4 0 0 0 
1 120.5859561 31.1369979 0 85.25 21269746.8492435 3448672.48643279 4 0 0 0 
1 120.5859607 31.1369983 0 85.23 21269747.2890835 3448672.5212328 4 0 0 0 
1 120.5859654 31.1369986 0 85.23 21269747.7382224 3448672.54473305 4 0 0 0 
1 120.5859699 31.1369989 0 85.24 21269748.1682798 3448672.56864928 4 0 0 0 
1 120.5859746 31.1369992 0 85.24 21269748.6174187 3448672.59214957 4 0 0 0 
1 120.5859793 31.1369996 0 85.24 21269749.0667994 3448672.62674167 4 0 0 0 
1 120.585983 31.1369998 0 85.24 21269749.4202893 3448672.64123 4 0 0 0 
1 120.5859886 31.1370003 0 85.24 21269749.9557782 3448672.68504212 4 0 0 0 
1 120.5859932 31.1370006 0 85.25 21269750.3953764 3448672.70875046 4 0 0 0 
1 120.5859979 31.1370009 0 85.27 21269750.8445152 3448672.73225085 4 0 0 0 
1 120.5860026 31.1370013 0 85.31 21269751.2938959 3448672.76684304 4 0 0 0 
1 120.5860073 31.1370016 0 85.35 21269751.7430347 3448672.79034346 4 0 0 0 
1 120.586012 31.137002 0 85.38 21269752.1924153 3448672.82493569 4 0 0 0 
1 120.5860166 31.1370023 0 85.4 21269752.6320135 3448672.84864413 4 0 0 0 
1 120.5860204 31.1370026 0 85.42 21269752.9952859 3448672.8740164 4 0 0 0 
1 120.586026 31.1370029 0 85.44 21269753.5302912 3448672.8956451 4 0 0 0 
1 120.5860308 31.1370032 0 85.46 21269753.9889707 3448672.91893764 4 0 0 0 
1 120.5860354 31.1370036 0 85.49 21269754.4288106 3448672.95373795 4 0 0 0 
1 120.5860402 31.1370039 0 85.5 21269754.8874901 3448672.97703052 4 0 0 0 
1 120.5860449 31.1370043 0 85.51 21269755.3368708 3448673.01162289 4 0 0 0 
1 120.5860497 31.1370046 0 85.51 21269755.7955503 3448673.03491551 4 0 0 0 
1 120.5860544 31.137005 0 85.52 21269756.2449309 3448673.06950791 4 0 0 0 
1 120.5860592 31.1370053 0 85.52 21269756.7036104 3448673.09280057 4 0 0 0 
1 120.5860639 31.1370056 0 85.52 21269757.1527492 3448673.11630122 4 0 0 0 
1 120.5860687 31.1370059 0 85.52 21269757.6114287 3448673.13959391 4 0 0 0 
1 120.5860734 31.1370062 0 85.47 21269758.0605675 3448673.1630946 4 0 0 0 
1 120.5860782 31.1370066 0 85.39 21269758.5194888 3448673.19747912 4 0 0 0 
1 120.586083 31.137007 0 85.32 21269758.9784101 3448673.23186367 4 0 0 0 
1 120.5860878 31.1370073 0 85.26 21269759.4370896 3448673.25515645 4 0 0 0 
1 120.5860925 31.1370077 0 85.19 21269759.8864702 3448673.289749 4 0 0 0 
1 120.5860973 31.1370081 0 85.15 21269760.3453914 3448673.32413361 4 0 0 0 
1 120.5861022 31.1370084 0 85.17 21269760.8136116 3448673.34721848 4 0 0 0 
1 120.586106 31.1370087 0 85.18 21269761.176884 3448673.37259102 4 0 0 0 
1 120.5861118 31.1370091 0 85.17 21269761.7312124 3448673.40489599 4 0 0 0 
1 120.5861166 31.1370095 0 85.18 21269762.1901336 3448673.43928068 4 0 0 0 
1 120.5861214 31.1370098 0 85.22 21269762.6488131 3448673.46257359 4 0 0 0 
1 120.5861252 31.1370101 0 85.24 21269763.0120855 3448673.4879462 4 0 0 0 
1 120.5861311 31.1370105 0 85.28 21269763.5759545 3448673.5200433 4 0 0 0 
1 120.586136 31.1370108 0 85.29 21269764.0441747 3448673.54312831 4 0 0 0 
1 120.5861409 31.1370112 0 85.31 21269764.5126367 3448673.57730513 4 0 0 0 
1 120.5861448 31.1370115 0 85.32 21269764.8854497 3448673.60246983 4 0 0 0 
1 120.5861506 31.1370119 0 85.34 21269765.439778 3448673.634775 4 0 0 0 
1 120.5861545 31.1370122 0 85.33 21269765.8125911 3448673.65993974 4 0 0 0 
1 120.5861603 31.1370125 0 85.34 21269766.3666776 3448673.68115316 4 0 0 0 
1 120.5861652 31.1370128 0 85.35 21269766.8348978 3448673.70423829 4 0 0 0 
1 120.58617 31.1370132 0 85.37 21269767.293819 3448673.73862319 4 0 0 0 
