1 120.5853283 31.1357217 0 355.1 21269683.8661081 3448532.23880732 4 0 0 0
1 120.585328 31.1357238 0 355.09 21269683.8425644 3448532.47235913 4 0 0 0 
1 120.5853278 31.1357259 0 355.08 21269683.8285616 3448532.7057029 4 0 0 0 
1 120.5853276 31.1357279 0 355.06 21269683.8143169 3448532.92795488 4 0 0 0 
1 120.5853274 31.1357298 0 355.04 21269683.7998303 3448533.13911506 4 0 0 0 
1 120.5853272 31.1357317 0 355.04 21269683.7853438 3448533.35027524 4 0 0 0 
1 120.5853271 31.1357336 0 355.03 21269683.780398 3448533.56122739 4 0 0 0 
1 120.5853269 31.1357354 0 355.01 21269683.7656696 3448533.76129577 4 0 0 0 
1 120.5853267 31.1357371 0 355.02 21269683.7506994 3448533.95027236 4 0 0 0 
1 120.5853266 31.1357388 0 355.02 21269683.74527 3448534.13904092 4 0 0 0 
1 120.5853264 31.1357405 0 355.01 21269683.7302997 3448534.32801751 4 0 0 0 
1 120.5853262 31.1357422 0 355.01 21269683.7153295 3448534.5169941 4 0 0 0 
1 120.5853261 31.135744 0 355.01 21269683.7101419 3448534.71685446 4 0 0 0 
1 120.5853259 31.1357457 0 355.03 21269683.6951717 3448534.90583105 4 0 0 0 
1 120.5853257 31.1357473 0 355.12 21269683.6799596 3448535.08371584 4 0 0 0 
1 120.5853255 31.135749 0 355.24 21269683.6649894 3448535.27269243 4 0 0 0 
1 120.5853253 31.1357507 0 355.33 21269683.6500191 3448535.46166902 4 0 0 0 
1 120.5853252 31.1357524 0 355.42 21269683.6445897 3448535.65043758 4 0 0 0 
1 120.585325 31.1357541 0 355.53 21269683.6296195 3448535.83941417 4 0 0 0 
1 120.5853249 31.1357559 0 355.65 21269683.624432 3448536.03927453 4 0 0 0 
1 120.5853247 31.1357575 0 355.76 21269683.6092199 3448536.21715932 4 0 0 0 
1 120.5853246 31.1357593 0 355.85 21269683.6040323 3448536.41701968 4 0 0 0 
1 120.5853245 31.135761 0 355.93 21269683.5986029 3448536.60578824 4 0 0 0 
1 120.5853243 31.1357628 0 355.99 21269683.5838745 3448536.80585662 4 0 0 0 
1 120.5853242 31.1357646 0 356.02 21269683.578687 3448537.00571698 4 0 0 0 
1 120.5853241 31.1357663 0 356.01 21269683.5732576 3448537.19448554 4 0 0 0 
1 120.585324 31.1357681 0 355.99 21269683.5680701 3448537.39434589 4 0 0 0 
1 120.5853238 31.1357699 0 355.98 21269683.5533417 3448537.59441428 4 0 0 0 
1 120.5853237 31.1357716 0 355.97 21269683.5479123 3448537.78318284 4 0 0 0 
1 120.5853235 31.1357734 0 355.96 21269683.5331839 3448537.98325123 4 0 0 0 
1 120.5853233 31.1357752 0 355.94 21269683.5184555 3448538.18331961 4 0 0 0 
1 120.5853232 31.1357769 0 355.93 21269683.5130261 3448538.37208817 4 0 0 0 
1 120.585323 31.1357786 0 355.92 21269683.4980559 3448538.56106477 4 0 0 0 
1 120.5853229 31.1357804 0 355.9 21269683.4928684 3448538.76092512 4 0 0 0 
1 120.5853227 31.1357822 0 355.87 21269683.47814 3448538.96099351 4 0 0 0 
1 120.5853225 31.135784 0 355.86 21269683.4634116 3448539.1610619 4 0 0 0 
1 120.5853223 31.1357859 0 355.84 21269683.4489251 3448539.37222208 4 0 0 0 
1 120.5853222 31.1357878 0 355.82 21269683.4439794 3448539.58317423 4 0 0 0 
1 120.585322 31.1357898 0 355.81 21269683.4297347 3448539.80542621 4 0 0 0 
1 120.5853218 31.1357919 0 355.8 21269683.4157319 3448540.03876999 4 0 0 0 
1 120.5853217 31.135794 0 355.8 21269683.4112699 3448540.27190573 4 0 0 0 
1 120.5853215 31.1357961 0 355.8 21269683.3972671 3448540.50524951 4 0 0 0 
1 120.5853213 31.1357983 0 355.81 21269683.3835061 3448540.74968508 4 0 0 0 
1 120.5853211 31.1358006 0 355.83 21269683.369987 3448541.00521245 4 0 0 0 
1 120.5853208 31.1358029 0 355.84 21269683.3469271 3448541.26094785 4 0 0 0 
1 120.5853206 31.1358053 0 355.86 21269683.3336498 3448541.52756702 4 0 0 0 
1 120.5853204 31.1358079 0 355.89 21269683.3208563 3448541.81636977 4 0 0 0 
1 120.5853202 31.1358104 0 355.92 21269683.3078208 3448542.09408073 4 0 0 0 
1 120.58532 31.1358129 0 355.94 21269683.2947854 3448542.37179169 4 0 0 0 
1 120.5853198 31.1358156 0 355.95 21269683.2822337 3448542.67168624 4 0 0 0 
1 120.5853196 31.1358183 0 355.96 21269683.269682 3448542.9715808 4 0 0 0 
1 120.5853194 31.1358211 0 355.97 21269683.2573722 3448543.28256714 4 0 0 0 
1 120.585319 31.1358239 0 355.97 21269683.2259807 3448543.59396956 4 0 0 0 
1 120.5853187 31.1358268 0 356 21269683.2043718 3448543.91625574 4 0 0 0 
1 120.5853185 31.1358297 0 356.01 21269683.1923038 3448544.23833388 4 0 0 0 
1 120.5853182 31.1358326 0 356.01 21269683.170695 3448544.56062006 4 0 0 0 
1 120.585318 31.1358357 0 356.04 21269683.1591107 3448544.9048818 4 0 0 0 
1 120.5853178 31.1358388 0 356.06 21269683.1475264 3448545.24914353 4 0 0 0 
1 120.5853175 31.1358419 0 356.07 21269683.1264013 3448545.5936133 4 0 0 0 
1 120.5853173 31.135845 0 356.07 21269683.114817 3448545.93787504 4 0 0 0 
1 120.585317 31.1358482 0 356.1 21269683.0939338 3448546.29343661 4 0 0 0 
1 120.5853168 31.1358514 0 356.12 21269683.0825913 3448546.64879014 4 0 0 0 
1 120.5853166 31.1358547 0 356.13 21269683.0714908 3448547.01523547 4 0 0 0 
1 120.5853164 31.135858 0 356.14 21269683.0603902 3448547.3816808 4 0 0 0 
1 120.5853161 31.1358614 0 356.16 21269683.0399906 3448547.75942596 4 0 0 0 
1 120.5853158 31.1358647 0 356.17 21269683.0193492 3448548.12607933 4 0 0 0 
1 120.5853155 31.1358681 0 356.16 21269682.9989497 3448548.50382449 4 0 0 0 
1 120.5853152 31.1358716 0 356.14 21269682.978792 3448548.89266144 4 0 0 0 
1 120.5853149 31.1358751 0 356.1 21269682.9586343 3448549.2814984 4 0 0 0 
1 120.5853146 31.1358785 0 356.05 21269682.9382348 3448549.65924356 4 0 0 0 
1 120.5853143 31.1358822 0 356.02 21269682.9185608 3448550.07026411 4 0 0 0 
1 120.585314 31.1358858 0 355.99 21269682.898645 3448550.47019286 4 0 0 0 
1 120.5853137 31.1358893 0 355.96 21269682.8784873 3448550.85902982 4 0 0 0 
1 120.5853134 31.1358929 0 355.94 21269682.8585715 3448551.25895858 4 0 0 0 
1 120.5853131 31.1358965 0 355.93 21269682.8386557 3448551.65888733 4 0 0 0 
1 120.5853128 31.1359002 0 355.89 21269682.8189817 3448552.06990788 4 0 0 0 
1 120.5853124 31.1359041 0 355.82 21269682.7902506 3448552.50332006 4 0 0 0 
1 120.585312 31.1359079 0 355.73 21269682.7612777 3448552.92564044 4 0 0 0 
1 120.5853118 31.1359116 0 355.65 21269682.7511446 3448553.33645296 4 0 0 0 
1 120.5853115 31.1359154 0 355.55 21269682.7317125 3448553.75856531 4 0 0 0 
1 120.5853113 31.1359193 0 355.46 21269682.7220631 3448554.19156142 4 0 0 0 
1 120.5853109 31.1359231 0 355.38 21269682.6930901 3448554.6138818 4 0 0 0 
1 120.5853105 31.1359271 0 355.35 21269682.6646009 3448555.05838578 4 0 0 0 
1 120.5853101 31.135931 0 355.37 21269682.6358699 3448555.49179796 4 0 0 0 
1 120.5853098 31.135935 0 355.4 21269682.6169215 3448555.9360939 4 0 0 0 
1 120.5853094 31.135939 0 355.43 21269682.5884323 3448556.38059788 4 0 0 0 
1 120.5853091 31.135943 0 355.46 21269682.569484 3448556.82489382 4 0 0 0 
1 120.5853088 31.1359471 0 355.5 21269682.5507774 3448557.28028156 4 0 0 0 
1 120.5853083 31.1359511 0 355.56 21269682.5127474 3448557.72499357 4 0 0 0 
1 120.585308 31.1359552 0 355.61 21269682.4940409 3448558.18038131 4 0 0 0 
1 120.5853077 31.1359593 0 355.64 21269682.4753344 3448558.63576905 4 0 0 0 
1 120.5853073 31.1359634 0 355.64 21269682.4470871 3448559.09136483 4 0 0 0 
1 120.5853068 31.1359676 0 355.63 21269682.4095408 3448559.55826044 4 0 0 0 
1 120.5853064 31.1359718 0 355.65 21269682.3815354 3448560.02494801 4 0 0 0 
1 120.585306 31.135976 0 355.65 21269682.3535299 3448560.49163558 4 0 0 0 
1 120.5853056 31.1359802 0 355.63 21269682.3255245 3448560.95832316 4 0 0 0 
1 120.5853052 31.1359844 0 355.6 21269682.2975191 3448561.42501073 4 0 0 0 
1 120.5853048 31.1359886 0 355.62 21269682.2695136 3448561.89169831 4 0 0 0 
1 120.5853043 31.1359928 0 355.62 21269682.2319674 3448562.35859392 4 0 0 0 
1 120.5853039 31.1359971 0 355.59 21269682.2042038 3448562.83637329 4 0 0 0 
1 120.5853035 31.1360014 0 355.59 21269682.1764402 3448563.31415266 4 0 0 0 
1 120.5853031 31.1360057 0 355.57 21269682.1486767 3448563.79193204 4 0 0 0 
1 120.5853028 31.1360101 0 355.57 21269682.1306958 3448564.28059517 4 0 0 0 
1 120.5853024 31.1360144 0 355.56 21269682.1029322 3448564.75837455 4 0 0 0 
1 120.585302 31.1360188 0 355.55 21269682.0754105 3448565.24724572 4 0 0 0 
1 120.5853016 31.1360232 0 355.54 21269682.0478889 3448565.73611689 4 0 0 0 
1 120.5853011 31.1360276 0 355.5 21269682.0108264 3448566.2251961 4 0 0 0 
1 120.5853007 31.136032 0 355.48 21269681.9833047 3448566.71406727 4 0 0 0 
1 120.5853003 31.1360364 0 355.48 21269681.955783 3448567.20293844 4 0 0 0 
1 120.5852999 31.1360408 0 355.47 21269681.9282613 3448567.69180961 4 0 0 0 
1 120.5852995 31.1360452 0 355.46 21269681.9007397 3448568.18068079 4 0 0 0 
1 120.5852991 31.1360495 0 355.48 21269681.8729762 3448568.65846017 4 0 0 0 
1 120.5852986 31.1360539 0 355.51 21269681.8359137 3448569.14753938 4 0 0 0 
1 120.5852983 31.1360583 0 355.55 21269681.8179329 3448569.63620252 4 0 0 0 
1 120.5852979 31.1360627 0 355.58 21269681.7904112 3448570.1250737 4 0 0 0 
1 120.5852975 31.1360671 0 355.6 21269681.7628896 3448570.61394487 4 0 0 0 
1 120.5852971 31.1360716 0 355.64 21269681.7356098 3448571.11390785 4 0 0 0 
1 120.5852966 31.136076 0 355.66 21269681.6985474 3448571.60298706 4 0 0 0 
1 120.5852962 31.1360803 0 355.63 21269681.6707839 3448572.08076644 4 0 0 0 
1 120.5852958 31.1360846 0 355.63 21269681.6430204 3448572.55854583 4 0 0 0 
1 120.5852955 31.136089 0 355.64 21269681.6250396 3448573.04720897 4 0 0 0 
1 120.5852951 31.1360933 0 355.63 21269681.5972761 3448573.52498835 4 0 0 0 
1 120.5852947 31.1360976 0 355.61 21269681.5695127 3448574.00276774 4 0 0 0 
1 120.5852943 31.136102 0 355.61 21269681.5419911 3448574.49163892 4 0 0 0 
1 120.5852939 31.1361063 0 355.58 21269681.5142276 3448574.96941831 4 0 0 0 
1 120.5852935 31.1361106 0 355.54 21269681.4864642 3448575.44719769 4 0 0 0 
1 120.5852931 31.1361149 0 355.51 21269681.4587007 3448575.92497708 4 0 0 0 
1 120.5852926 31.1361192 0 355.5 21269681.4213965 3448576.4029645 4 0 0 0 
1 120.5852923 31.1361234 0 355.48 21269681.402932 3448576.86944406 4 0 0 0 
1 120.5852918 31.1361277 0 355.47 21269681.3656278 3448577.34743148 4 0 0 0 
1 120.5852914 31.1361318 0 355.48 21269681.3373806 3448577.80302728 4 0 0 0 
1 120.585291 31.136136 0 355.51 21269681.3093754 3448578.26971487 4 0 0 0 
1 120.5852906 31.1361402 0 355.54 21269681.2813701 3448578.73640247 4 0 0 0 
1 120.5852902 31.1361444 0 355.56 21269681.2533648 3448579.20309006 4 0 0 0 
1 120.5852899 31.1361486 0 355.56 21269681.2349004 3448579.66956962 4 0 0 0 
1 120.5852895 31.1361528 0 355.57 21269681.2068951 3448580.13625721 4 0 0 0 
1 120.5852891 31.136157 0 355.6 21269681.1788899 3448580.60294481 4 0 0 0 
1 120.5852888 31.1361611 0 355.61 21269681.1601836 3448581.05833257 4 0 0 0 
1 120.5852885 31.1361652 0 355.62 21269681.1414773 3448581.51372033 4 0 0 0 
1 120.5852882 31.1361693 0 355.63 21269681.122771 3448581.9691081 4 0 0 0 
1 120.5852877 31.1361733 0 355.64 21269681.0847412 3448582.41382014 4 0 0 0 
1 120.5852874 31.1361774 0 355.67 21269681.0660349 3448582.86920791 4 0 0 0 
1 120.5852869 31.1361814 0 355.68 21269681.0280052 3448583.31391995 4 0 0 0 
1 120.5852866 31.1361855 0 355.68 21269681.0092989 3448583.76930771 4 0 0 0 
1 120.5852863 31.1361894 0 355.69 21269680.9901089 3448584.20251189 4 0 0 0 
1 120.5852859 31.1361934 0 355.71 21269680.96162 3448584.64701589 4 0 0 0 
1 120.5852855 31.1361974 0 355.7 21269680.9331311 3448585.0915199 4 0 0 0 
1 120.5852851 31.1362014 0 355.69 21269680.9046422 3448585.53602391 4 0 0 0 
1 120.5852848 31.1362053 0 355.7 21269680.8854522 3448585.96922808 4 0 0 0 
1 120.5852844 31.1362093 0 355.7 21269680.8569633 3448586.41373209 4 0 0 0 
1 120.585284 31.1362132 0 355.69 21269680.8282325 3448586.8471443 4 0 0 0 
1 120.5852836 31.1362171 0 355.68 21269680.7995018 3448587.28055652 4 0 0 0 
1 120.5852833 31.136221 0 355.68 21269680.7803118 3448587.71376069 4 0 0 0 
1 120.585283 31.136225 0 355.68 21269680.7613637 3448588.15805667 4 0 0 0 
1 120.5852826 31.1362288 0 355.69 21269680.7323911 3448588.58037709 4 0 0 0 
1 120.5852823 31.1362328 0 355.67 21269680.713443 3448589.02467306 4 0 0 0 
1 120.585282 31.1362366 0 355.64 21269680.6940112 3448589.44678544 4 0 0 0 
1 120.5852816 31.1362404 0 355.63 21269680.6650386 3448589.86910586 4 0 0 0 
1 120.5852812 31.1362444 0 355.62 21269680.6365498 3448590.31360987 4 0 0 0 
1 120.5852809 31.1362483 0 355.59 21269680.6173598 3448590.74681405 4 0 0 0 
1 120.5852805 31.1362522 0 355.57 21269680.5886291 3448591.18022627 4 0 0 0 
1 120.5852802 31.1362561 0 355.54 21269680.5694392 3448591.61343045 4 0 0 0 
1 120.5852798 31.1362599 0 355.53 21269680.5404666 3448592.03575087 4 0 0 0 
1 120.5852795 31.1362637 0 355.52 21269680.5210348 3448592.45786326 4 0 0 0 
1 120.5852791 31.1362676 0 355.51 21269680.4923041 3448592.89127548 4 0 0 0 
1 120.5852787 31.1362715 0 355.52 21269680.4635734 3448593.3246877 4 0 0 0 
1 120.5852783 31.1362755 0 355.52 21269680.4350846 3448593.76919171 4 0 0 0 
1 120.585278 31.1362794 0 355.52 21269680.4158947 3448594.20239589 4 0 0 0 
1 120.5852777 31.1362833 0 355.54 21269680.3967048 3448594.63560008 4 0 0 0 
1 120.5852774 31.1362873 0 355.55 21269680.3777567 3448595.07989606 4 0 0 0 
1 120.585277 31.1362914 0 355.53 21269680.3495098 3448595.53549187 4 0 0 0 
1 120.5852766 31.1362954 0 355.52 21269680.321021 3448595.97999589 4 0 0 0 
1 120.5852762 31.1362993 0 355.51 21269680.2922903 3448596.41340812 4 0 0 0 
1 120.5852758 31.1363033 0 355.5 21269680.2638015 3448596.85791213 4 0 0 0 
1 120.5852756 31.1363074 0 355.52 21269680.2546361 3448597.31309188 4 0 0 0 
1 120.5852753 31.1363114 0 355.51 21269680.2356881 3448597.75738786 4 0 0 0 
1 120.5852748 31.1363155 0 355.51 21269680.1979004 3448598.21319171 4 0 0 0 
1 120.5852743 31.1363195 0 355.51 21269680.1598708 3448598.65790377 4 0 0 0 
1 120.585274 31.1363237 0 355.5 21269680.1414065 3448599.12438335 4 0 0 0 
1 120.5852736 31.1363278 0 355.49 21269680.1131596 3448599.57997917 4 0 0 0 
1 120.5852732 31.1363319 0 355.5 21269680.0849126 3448600.03557499 4 0 0 0 
1 120.5852728 31.136336 0 355.51 21269680.0566657 3448600.49117081 4 0 0 0 
1 120.5852724 31.1363402 0 355.52 21269680.0286607 3448600.95785843 4 0 0 0 
1 120.585272 31.1363443 0 355.51 21269680.0004138 3448601.41345425 4 0 0 0 
1 120.5852717 31.1363485 0 355.51 21269679.9819495 3448601.87993383 4 0 0 0 
1 120.5852714 31.1363527 0 355.5 21269679.9634852 3448602.34641341 4 0 0 0 
1 120.5852709 31.136357 0 355.5 21269679.9261813 3448602.82440087 4 0 0 0 
1 120.5852705 31.1363612 0 355.5 21269679.8981763 3448603.29108849 4 0 0 0 
1 120.5852701 31.1363655 0 355.5 21269679.8704131 3448603.7688679 4 0 0 0 
1 120.5852697 31.1363698 0 355.49 21269679.8426499 3448604.24664732 4 0 0 0 
1 120.5852693 31.1363742 0 355.49 21269679.8151286 3448604.73551854 4 0 0 0 
1 120.5852689 31.1363785 0 355.47 21269679.7873655 3448605.21329796 4 0 0 0 
1 120.5852685 31.1363828 0 355.45 21269679.7596023 3448605.69107738 4 0 0 0 
1 120.5852682 31.1363871 0 355.44 21269679.74138 3448606.16864876 4 0 0 0 
1 120.5852678 31.1363915 0 355.43 21269679.7138587 3448606.65751998 4 0 0 0 
1 120.5852674 31.1363958 0 355.41 21269679.6860956 3448607.1352994 4 0 0 0 
1 120.5852668 31.1364002 0 355.38 21269679.6394927 3448607.62458669 4 0 0 0 
1 120.5852663 31.1364045 0 355.35 21269679.6021888 3448608.10257415 4 0 0 0 
1 120.5852659 31.1364089 0 355.31 21269679.5746676 3448608.59144538 4 0 0 0 
1 120.5852655 31.1364133 0 355.28 21269679.5471463 3448609.0803166 4 0 0 0 
1 120.5852651 31.1364177 0 355.26 21269679.5196251 3448609.56918782 4 0 0 0 
1 120.5852646 31.1364221 0 355.24 21269679.4825631 3448610.05826708 4 0 0 0 
1 120.5852643 31.1364265 0 355.23 21269679.4645826 3448610.54693026 4 0 0 0 
1 120.5852638 31.1364309 0 355.22 21269679.4275206 3448611.03600952 4 0 0 0 
1 120.5852634 31.1364353 0 355.21 21269679.3999994 3448611.52488075 4 0 0 0 
1 120.585263 31.1364397 0 355.21 21269679.3724781 3448612.01375197 4 0 0 0 
1 120.5852626 31.1364441 0 355.21 21269679.3449569 3448612.50262319 4 0 0 0 
1 120.5852622 31.1364485 0 355.21 21269679.3174357 3448612.99149442 4 0 0 0 
1 120.5852617 31.1364529 0 355.17 21269679.2803737 3448613.48057368 4 0 0 0 
1 120.5852613 31.1364573 0 355.16 21269679.2528525 3448613.96944491 4 0 0 0 
1 120.5852608 31.1364617 0 355.15 21269679.2157906 3448614.45852418 4 0 0 0 
1 120.5852604 31.1364662 0 355.16 21269679.1885112 3448614.9584872 4 0 0 0 
1 120.5852599 31.1364706 0 355.19 21269679.1514493 3448615.44756647 4 0 0 0 
1 120.5852594 31.136475 0 355.22 21269679.1143873 3448615.93664574 4 0 0 0 
1 120.585259 31.1364794 0 355.27 21269679.0868661 3448616.42551697 4 0 0 0 
1 120.5852585 31.1364838 0 355.36 21269679.0498042 3448616.91459624 4 0 0 0 
1 120.5852582 31.1364882 0 355.41 21269679.0318238 3448617.40325942 4 0 0 0 
1 120.5852578 31.1364926 0 355.43 21269679.0043026 3448617.89213066 4 0 0 0 
1 120.5852574 31.136497 0 355.46 21269678.9767815 3448618.38100189 4 0 0 0 
1 120.585257 31.1365014 0 355.51 21269678.9492603 3448618.86987312 4 0 0 0 
1 120.5852566 31.1365058 0 355.55 21269678.9217392 3448619.35874435 4 0 0 0 
1 120.5852562 31.1365103 0 355.57 21269678.8944599 3448619.85870738 4 0 0 0 
1 120.5852558 31.1365146 0 355.58 21269678.8666969 3448620.33648682 4 0 0 0 
1 120.5852554 31.136519 0 355.6 21269678.8391758 3448620.82535805 4 0 0 0 
1 120.585255 31.1365233 0 355.61 21269678.8114128 3448621.30313749 4 0 0 0 
1 120.5852546 31.1365277 0 355.63 21269678.7838916 3448621.79200872 4 0 0 0 
1 120.5852542 31.1365321 0 355.66 21269678.7563705 3448622.28087996 4 0 0 0 
1 120.5852538 31.1365365 0 355.68 21269678.7288494 3448622.76975119 4 0 0 0 
1 120.5852534 31.1365409 0 355.7 21269678.7013283 3448623.25862243 4 0 0 0 
1 120.585253 31.1365453 0 355.72 21269678.6738072 3448623.74749367 4 0 0 0 
1 120.5852529 31.136547 0 355.73 21269678.6683781 3448623.93626226 4 0 0 0 
1 120.5852523 31.136554 0 355.76 21269678.6280639 3448624.71393631 4 0 0 0 
1 120.585252 31.1365582 0 355.78 21269678.6095998 3448625.18041591 4 0 0 0 
1 120.5852517 31.1365625 0 355.81 21269678.5913777 3448625.65798731 4 0 0 0 
1 120.5852513 31.1365668 0 355.84 21269678.5636147 3448626.13576675 4 0 0 0 
1 120.5852509 31.1365711 0 355.87 21269678.5358518 3448626.6135462 4 0 0 0 
1 120.5852506 31.1365753 0 355.88 21269678.5173877 3448627.0800258 4 0 0 0 
1 120.5852502 31.1365795 0 355.89 21269678.4893829 3448627.54671345 4 0 0 0 
1 120.5852499 31.1365837 0 355.91 21269678.4709189 3448628.01319305 4 0 0 0 
1 120.5852496 31.1365879 0 355.93 21269678.4524549 3448628.47967266 4 0 0 0 
1 120.5852492 31.136592 0 355.96 21269678.4242082 3448628.93526851 4 0 0 0 
1 120.5852489 31.1365962 0 355.98 21269678.4057442 3448629.40174812 4 0 0 0 
1 120.5852485 31.1366002 0 355.99 21269678.3772557 3448629.84625217 4 0 0 0 
1 120.5852482 31.1366043 0 356 21269678.3585498 3448630.30163998 4 0 0 0 
1 120.5852478 31.1366084 0 356 21269678.3303032 3448630.75723584 4 0 0 0 
1 120.5852474 31.1366124 0 356 21269678.3018147 3448631.20173989 4 0 0 0 
1 120.5852472 31.1366164 0 356.02 21269678.2924078 3448631.64582787 4 0 0 0 
1 120.5852469 31.1366204 0 356.05 21269678.27346 3448632.09012388 4 0 0 0 
1 120.5852466 31.1366244 0 356.06 21269678.2545123 3448632.5344199 4 0 0 0 
1 120.5852462 31.1366284 0 356.07 21269678.2260238 3448632.97892395 4 0 0 0 
1 120.5852458 31.1366323 0 356.07 21269678.1972935 3448633.41233622 4 0 0 0 
1 120.5852455 31.1366362 0 356.07 21269678.1781039 3448633.84554043 4 0 0 0 
1 120.5852453 31.1366401 0 356.07 21269678.1684551 3448634.27853661 4 0 0 0 
1 120.585245 31.1366439 0 356.06 21269678.1490237 3448634.70064904 4 0 0 0 
1 120.5852447 31.1366478 0 356.02 21269678.1298341 3448635.13385326 4 0 0 0 
1 120.5852444 31.1366517 0 355.95 21269678.1106446 3448635.56705748 4 0 0 0 
1 120.5852441 31.1366555 0 355.89 21269678.0912131 3448635.9891699 4 0 0 0 
1 120.5852437 31.1366593 0 355.84 21269678.062241 3448636.41149037 4 0 0 0 
1 120.5852434 31.1366632 0 355.77 21269678.0430514 3448636.84469459 4 0 0 0 
1 120.585243 31.136667 0 355.74 21269678.0140793 3448637.26701506 4 0 0 0 
1 120.5852427 31.1366707 0 355.72 21269677.994406 3448637.67803569 4 0 0 0 
1 120.5852424 31.1366745 0 355.7 21269677.9749746 3448638.10014811 4 0 0 0 
1 120.5852421 31.1366782 0 355.68 21269677.9553013 3448638.51116874 4 0 0 0 
1 120.5852417 31.136682 0 355.67 21269677.9263292 3448638.93348921 4 0 0 0 
1 120.5852413 31.1366857 0 355.66 21269677.8971152 3448639.34471788 4 0 0 0 
1 120.5852409 31.1366894 0 355.68 21269677.8679012 3448639.75594656 4 0 0 0 
1 120.5852407 31.1366932 0 355.73 21269677.8580105 3448640.17785094 4 0 0 0 
1 120.5852404 31.1366969 0 355.78 21269677.8383373 3448640.58887157 4 0 0 0 
1 120.5852401 31.1367005 0 355.82 21269677.8184222 3448640.98880041 4 0 0 0 
1 120.5852398 31.1367041 0 355.84 21269677.7985071 3448641.38872924 4 0 0 0 
1 120.5852394 31.1367079 0 355.85 21269677.769535 3448641.81104972 4 0 0 0 
1 120.5852391 31.1367115 0 355.87 21269677.7496199 3448642.21097855 4 0 0 0 
1 120.5852387 31.1367152 0 355.88 21269677.7204059 3448642.62220722 4 0 0 0 
1 120.5852384 31.1367189 0 355.91 21269677.7007327 3448643.03322786 4 0 0 0 
1 120.5852381 31.1367225 0 355.92 21269677.6808176 3448643.43315669 4 0 0 0 
1 120.5852378 31.1367261 0 355.93 21269677.6609025 3448643.83308553 4 0 0 0 
1 120.5852375 31.1367297 0 355.94 21269677.6409874 3448644.23301437 4 0 0 0 
1 120.5852372 31.1367333 0 355.93 21269677.6210723 3448644.63294321 4 0 0 0 
1 120.585237 31.1367369 0 355.92 21269677.610698 3448645.032664 4 0 0 0 
1 120.5852367 31.1367404 0 355.91 21269677.5905411 3448645.42150104 4 0 0 0 
1 120.5852364 31.136744 0 355.89 21269677.570626 3448645.82142988 4 0 0 0 
1 120.5852361 31.1367476 0 355.88 21269677.5507109 3448646.22135872 4 0 0 0 
1 120.5852358 31.1367511 0 355.86 21269677.530554 3448646.61019576 4 0 0 0 
1 120.5852355 31.1367546 0 355.85 21269677.5103971 3448646.9990328 4 0 0 0 
1 120.5852351 31.1367582 0 355.84 21269677.4809413 3448647.39916968 4 0 0 0 
1 120.5852348 31.1367617 0 355.83 21269677.4607843 3448647.78800673 4 0 0 0 
1 120.5852345 31.1367652 0 355.81 21269677.4406274 3448648.17684377 4 0 0 0 
1 120.5852342 31.1367687 0 355.79 21269677.4204705 3448648.56568081 4 0 0 0 
1 120.5852339 31.1367722 0 355.79 21269677.4003136 3448648.95451785 4 0 0 0 
1 120.5852336 31.1367757 0 355.78 21269677.3801567 3448649.3433549 4 0 0 0 
1 120.5852331 31.1367791 0 355.76 21269677.3406764 3448649.72151623 4 0 0 0 
1 120.5852328 31.1367825 0 355.74 21269677.3202777 3448650.09926148 4 0 0 0 
1 120.5852326 31.1367861 0 355.72 21269677.3099034 3448650.49898228 4 0 0 0 
1 120.5852323 31.1367896 0 355.7 21269677.2897465 3448650.88781932 4 0 0 0 
1 120.585232 31.1367929 0 355.69 21269677.2691058 3448651.25447277 4 0 0 0 
1 120.5852316 31.1367963 0 355.69 21269677.2391664 3448651.63242607 4 0 0 0 
1 120.5852314 31.1367997 0 355.69 21269677.2283083 3448652.00996327 4 0 0 0 
1 120.5852312 31.136803 0 355.65 21269677.2172084 3448652.37640868 4 0 0 0 
1 120.5852309 31.1368062 0 355.64 21269677.196326 3448652.73197033 4 0 0 0 
1 120.5852307 31.1368095 0 355.66 21269677.1852261 3448653.09841574 4 0 0 0 
1 120.5852304 31.1368128 0 355.68 21269677.1645855 3448653.46506919 4 0 0 0 
1 120.5852301 31.136816 0 355.69 21269677.143703 3448653.82063085 4 0 0 0 
1 120.5852295 31.1368192 0 355.64 21269677.0941983 3448654.17681663 4 0 0 0 
1 120.5852292 31.1368224 0 355.63 21269677.0733159 3448654.53237829 4 0 0 0 
1 120.5852289 31.1368257 0 355.66 21269677.0526753 3448654.89903174 4 0 0 0 
1 120.5852287 31.1368289 0 355.68 21269677.0413335 3448655.25438536 4 0 0 0 
1 120.5852283 31.1368321 0 355.76 21269677.0109103 3448655.61015506 4 0 0 0 
1 120.585228 31.1368353 0 355.9 21269676.9900279 3448655.96571671 4 0 0 0 
1 120.5852277 31.1368385 0 356.1 21269676.9691454 3448656.32127837 4 0 0 0 
1 120.5852274 31.1368418 0 356.34 21269676.9485048 3448656.68793182 4 0 0 0 
1 120.585227 31.1368449 0 356.63 21269676.9178398 3448657.03260973 4 0 0 0 
1 120.5852268 31.1368481 0 356.97 21269676.9064981 3448657.38796334 4 0 0 0 
1 120.5852266 31.1368513 0 357.35 21269676.8951564 3448657.74331696 4 0 0 0 
1 120.5852264 31.1368545 0 357.76 21269676.8838147 3448658.09867057 4 0 0 0 
1 120.5852263 31.1368577 0 358.18 21269676.8820137 3448658.45381614 4 0 0 0 
1 120.5852261 31.1368609 0 358.61 21269676.870672 3448658.80916975 4 0 0 0 
1 120.5852259 31.1368642 0 359.06 21269676.8595721 3448659.17561517 4 0 0 0 
1 120.5852258 31.1368675 0 359.52 21269676.858013 3448659.54185253 4 0 0 0 
1 120.5852257 31.1368708 0 0.05 21269676.8564539 3448659.9080899 4 0 0 0 
1 120.5852257 31.136874 0 0.63 21269676.8641937 3448660.26302743 4 0 0 0 
1 120.5852258 31.1368771 0 1.18 21269676.8812323 3448660.60666511 4 0 0 0 
1 120.5852259 31.1368804 0 1.73 21269676.8987546 3448660.97248639 4 0 0 0 
1 120.5852258 31.1368836 0 2.27 21269676.8969537 3448661.32763196 4 0 0 0 
1 120.5852258 31.1368868 0 2.87 21269676.9046934 3448661.68256949 4 0 0 0 
1 120.5852259 31.13689 0 3.47 21269676.9219739 3448662.03729897 4 0 0 0 
1 120.5852261 31.1368932 0 4.08 21269676.9487951 3448662.39182041 4 0 0 0 
1 120.5852266 31.1368965 0 4.82 21269677.0044804 3448662.75680951 4 0 0 0 
1 120.5852269 31.1368998 0 5.56 21269677.0410842 3448663.1222147 4 0 0 0 
1 120.5852272 31.136903 0 6.33 21269677.0774461 3448663.47652809 4 0 0 0 
1 120.5852276 31.1369063 0 7.19 21269677.1235906 3448663.84172524 4 0 0 0 
1 120.5852279 31.1369096 0 8.06 21269677.1601944 3448664.20713043 4 0 0 0 
1 120.5852285 31.1369128 0 8.87 21269677.2251785 3448664.56081968 4 0 0 0 
1 120.5852291 31.1369161 0 9.69 21269677.2904045 3448664.92560074 4 0 0 0 
1 120.5852297 31.1369193 0 10.59 21269677.3553886 3448665.27929 4 0 0 0 
1 120.5852303 31.1369225 0 11.51 21269677.4203727 3448665.63297926 4 0 0 0 
1 120.5852311 31.1369258 0 12.46 21269677.50468 3448665.99734423 4 0 0 0 
1 120.5852318 31.136929 0 13.48 21269677.5792049 3448666.35082545 4 0 0 0 
1 120.5852327 31.1369323 0 14.51 21269677.673053 3448666.71498237 4 0 0 0 
1 120.5852337 31.1369355 0 15.52 21269677.7761999 3448667.06783946 4 0 0 0 
1 120.5852347 31.1369387 0 16.58 21269677.8793469 3448667.42069654 4 0 0 0 
1 120.5852357 31.1369419 0 17.64 21269677.9824938 3448667.77355363 4 0 0 0 
1 120.5852369 31.1369452 0 18.68 21269678.1049641 3448668.13708642 4 0 0 0 
1 120.585238 31.1369483 0 19.72 21269678.2174099 3448668.47864367 4 0 0 0 
1 120.5852393 31.1369514 0 20.77 21269678.3489371 3448668.81978483 4 0 0 0 
1 120.5852409 31.1369546 0 21.82 21269678.5093283 3448669.17139365 4 0 0 0 
1 120.5852424 31.1369577 0 22.91 21269678.659937 3448669.51211873 4 0 0 0 
1 120.5852438 31.1369608 0 24.04 21269678.8010049 3448669.85305185 4 0 0 0 
1 120.5852453 31.1369639 0 25.18 21269678.9516135 3448670.19377693 4 0 0 0 
1 120.5852468 31.1369669 0 26.36 21269679.1019803 3448670.52341021 4 0 0 0 
1 120.5852485 31.1369699 0 27.58 21269679.2714285 3448670.8526274 4 0 0 0 
1 120.5852503 31.1369729 0 28.84 21269679.4504174 3448671.18163656 4 0 0 0 
1 120.5852521 31.1369758 0 30.15 21269679.6291644 3448671.49955392 4 0 0 0 
1 120.5852539 31.1369787 0 31.54 21269679.8079114 3448671.81747129 4 0 0 0 
1 120.5852559 31.1369816 0 32.99 21269680.0057398 3448672.13497257 4 0 0 0 
1 120.5852579 31.1369843 0 34.39 21269680.2030845 3448672.43029026 4 0 0 0 
1 120.58526 31.136987 0 35.78 21269680.4099699 3448672.72539991 4 0 0 0 
1 120.5852624 31.1369896 0 37.18 21269680.6452356 3448673.00879363 4 0 0 0 
1 120.5852647 31.1369922 0 38.57 21269680.8709605 3448673.29239541 4 0 0 0 
1 120.5852669 31.1369948 0 39.96 21269681.0871447 3448673.57620523 4 0 0 0 
1 120.5852693 31.1369974 0 41.42 21269681.3224103 3448673.85959897 4 0 0 0 
1 120.5852717 31.1369999 0 42.96 21269681.5574341 3448674.13190092 4 0 0 0 
1 120.5852742 31.1370023 0 44.52 21269681.8017567 3448674.39290304 4 0 0 0 
1 120.5852767 31.1370047 0 46.12 21269682.0460793 3448674.65390516 4 0 0 0 
1 120.5852794 31.137007 0 47.74 21269682.3092414 3448674.90339941 4 0 0 0 
1 120.5852821 31.1370091 0 49.33 21269682.5719198 3448675.13071006 4 0 0 0 
1 120.5852849 31.1370113 0 50.9 21269682.8443808 3448675.36890448 4 0 0 0 
1 120.5852878 31.1370133 0 52.43 21269683.1258987 3448675.58470727 4 0 0 0 
1 120.5852907 31.1370153 0 53.95 21269683.4074166 3448675.80051007 4 0 0 0 
1 120.5852936 31.1370172 0 55.44 21269683.6886927 3448676.00522108 4 0 0 0 
1 120.5852966 31.137019 0 56.9 21269683.9792676 3448676.19863226 4 0 0 0 
1 120.5852997 31.1370209 0 58.39 21269684.279625 3448676.4029272 4 0 0 0 
1 120.5853028 31.1370226 0 59.89 21269684.5794988 3448676.58503856 4 0 0 0 
1 120.5853059 31.1370242 0 61.35 21269684.8791306 3448676.75605812 4 0 0 0 
1 120.5853091 31.1370258 0 62.71 21269685.1883032 3448676.92686966 4 0 0 0 
1 120.5853124 31.1370272 0 64.03 21269685.5065327 3448677.07528957 4 0 0 0 
1 120.5853157 31.1370287 0 65.31 21269685.8250041 3448677.23480129 4 0 0 0 
1 120.5853191 31.13703 0 66.56 21269686.1525325 3448677.37192139 4 0 0 0 
1 120.5853225 31.1370314 0 67.78 21269686.4803027 3448677.52013329 4 0 0 0 
1 120.5853259 31.1370327 0 68.96 21269686.8078311 3448677.65725341 4 0 0 0 
1 120.5853293 31.1370339 0 70.09 21269687.1351175 3448677.78328173 4 0 0 0 
1 120.5853328 31.137035 0 71.17 21269687.4717029 3448677.89801024 4 0 0 0 
1 120.5853363 31.137036 0 72.2 21269687.8080463 3448678.00164695 4 0 0 0 
1 120.5853399 31.137037 0 73.14 21269688.1539305 3448678.10507564 4 0 0 0 
1 120.5853434 31.1370379 0 74.01 21269688.4900321 3448678.19762058 4 0 0 0 
1 120.585347 31.1370387 0 74.84 21269688.8354325 3448678.2788657 4 0 0 0 
1 120.5853506 31.1370396 0 75.64 21269689.1810748 3448678.37120262 4 0 0 0 
1 120.5853542 31.1370404 0 76.38 21269689.5264753 3448678.45244776 4 0 0 0 
1 120.5853577 31.1370412 0 77.07 21269689.862335 3448678.53390095 4 0 0 0 
1 120.5853615 31.1370418 0 77.68 21269690.2263331 3448678.59254645 4 0 0 0 
1 120.5853651 31.1370425 0 78.21 21269690.5714917 3448678.66269982 4 0 0 0 
1 120.5853687 31.1370431 0 78.68 21269690.9164084 3448678.72176141 4 0 0 0 
1 120.5853724 31.1370437 0 79.14 21269691.2708658 3448678.78061498 4 0 0 0 
1 120.5853761 31.1370443 0 79.61 21269691.6253232 3448678.83946856 4 0 0 0 
1 120.5853797 31.1370449 0 80.1 21269691.9702399 3448678.89853018 4 0 0 0 
1 120.5853834 31.1370455 0 80.59 21269692.3246972 3448678.95738378 4 0 0 0 
1 120.5853871 31.137046 0 81.06 21269692.6789128 3448679.0051456 4 0 0 0 
1 120.5853907 31.1370465 0 81.5 21269693.0235876 3448679.05311545 4 0 0 0 
1 120.5853944 31.137047 0 81.92 21269693.3778031 3448679.10087729 4 0 0 0 
1 120.5853981 31.1370475 0 82.3 21269693.7320186 3448679.14863914 4 0 0 0 
1 120.5854018 31.137048 0 82.67 21269694.0862341 3448679.19640101 4 0 0 0 
1 120.5854055 31.1370484 0 83.01 21269694.4402078 3448679.23307108 4 0 0 0 
1 120.5854093 31.1370488 0 83.29 21269694.8037222 3448679.26953314 4 0 0 0 
1 120.5854131 31.137049 0 83.57 21269695.1667528 3448679.28381162 4 0 0 0 
1 120.5854169 31.1370493 0 83.85 21269695.5300253 3448679.3091819 4 0 0 0 
1 120.5854207 31.1370497 0 84.12 21269695.8935397 3448679.345644 4 0 0 0 
1 120.5854246 31.13705 0 84.4 21269696.2663529 3448679.37080629 4 0 0 0 
1 120.5854285 31.1370504 0 84.63 21269696.639408 3448679.40706038 4 0 0 0 
1 120.5854324 31.1370507 0 84.86 21269697.0122212 3448679.43222269 4 0 0 0 
1 120.5854363 31.1370508 0 85.05 21269697.3845507 3448679.43520141 4 0 0 0 
1 120.5854402 31.1370511 0 85.19 21269697.7573639 3448679.46036375 4 0 0 0 
1 120.5854442 31.1370514 0 85.28 21269698.1397178 3448679.48531807 4 0 0 0 
1 120.5854482 31.1370517 0 85.33 21269698.5220717 3448679.51027241 4 0 0 0 
1 120.5854521 31.137052 0 85.36 21269698.8948849 3448679.53543478 4 0 0 0 
1 120.5854562 31.1370522 0 85.39 21269699.2865377 3448679.54908932 4 0 0 0 
1 120.5854602 31.1370524 0 85.43 21269699.6686497 3448679.5629519 4 0 0 0 
1 120.5854643 31.1370527 0 85.48 21269700.0605443 3448679.58769827 4 0 0 0 
1 120.5854684 31.137053 0 85.53 21269700.4524389 3448679.61244465 4 0 0 0 
1 120.5854725 31.1370533 0 85.57 21269700.8443335 3448679.63719104 4 0 0 0 
1 120.5854766 31.1370535 0 85.6 21269701.2359863 3448679.65084565 4 0 0 0 
1 120.5854808 31.1370538 0 85.62 21269701.6374216 3448679.67538405 4 0 0 0 
1 120.585485 31.1370541 0 85.65 21269702.0388569 3448679.69992247 4 0 0 0 
1 120.5854893 31.1370544 0 85.68 21269702.4498329 3448679.72425287 4 0 0 0 
1 120.5854935 31.1370546 0 85.73 21269702.8510263 3448679.73769952 4 0 0 0 
1 120.5854977 31.1370549 0 85.75 21269703.2524616 3448679.76223798 4 0 0 0 
1 120.585502 31.1370551 0 85.79 21269703.6631958 3448679.77547664 4 0 0 0 
1 120.5855063 31.1370553 0 85.82 21269704.0739299 3448679.78871531 4 0 0 0 
1 120.5855107 31.1370556 0 85.86 21269704.4944466 3448679.81283778 4 0 0 0 
1 120.585515 31.1370559 0 85.89 21269704.9054226 3448679.83716828 4 0 0 0 
1 120.5855194 31.1370562 0 85.91 21269705.3259393 3448679.86129078 4 0 0 0 
1 120.5855238 31.1370565 0 85.94 21269705.746456 3448679.88541329 4 0 0 0 
1 120.5855282 31.1370568 0 85.95 21269706.1669727 3448679.90953583 4 0 0 0 
1 120.5855327 31.1370571 0 85.97 21269706.5970301 3448679.93345035 4 0 0 0 
1 120.5855372 31.1370573 0 85.99 21269707.0268456 3448679.9462731 4 0 0 0 
1 120.5855417 31.1370576 0 85.99 21269707.456903 3448679.97018767 4 0 0 0 
1 120.5855462 31.1370579 0 86 21269707.8869604 3448679.99410225 4 0 0 0 
1 120.5855507 31.1370581 0 85.99 21269708.3167759 3448680.00692505 4 0 0 0 
1 120.5855552 31.1370584 0 85.98 21269708.7468333 3448680.03083967 4 0 0 0 
1 120.5855598 31.1370586 0 85.94 21269709.1861895 3448680.04345449 4 0 0 0 
1 120.5855644 31.1370589 0 85.88 21269709.6257876 3448680.06716112 4 0 0 0 
1 120.585569 31.1370592 0 85.83 21269710.0653857 3448680.09086777 4 0 0 0 
1 120.5855736 31.1370595 0 85.78 21269710.5049838 3448680.11457444 4 0 0 0 
1 120.5855783 31.1370597 0 85.73 21269710.9538807 3448680.12698132 4 0 0 0 
1 120.5855829 31.13706 0 85.69 21269711.3934788 3448680.15068803 4 0 0 0 
1 120.5855876 31.1370603 0 85.65 21269711.8426175 3448680.17418674 4 0 0 0 
1 120.5855924 31.1370606 0 85.63 21269712.301297 3448680.19747746 4 0 0 0 
1 120.5855971 31.137061 0 85.63 21269712.7506776 3448680.232068 4 0 0 0 
1 120.5856019 31.1370613 0 85.64 21269713.2093571 3448680.25535876 4 0 0 0 
1 120.5856066 31.1370616 0 85.66 21269713.6584958 3448680.27885755 4 0 0 0 
1 120.5856115 31.1370618 0 85.69 21269714.1264741 3448680.29084853 4 0 0 0 
1 120.5856163 31.1370621 0 85.72 21269714.5851536 3448680.31413935 4 0 0 0 
1 120.5856211 31.1370624 0 85.74 21269715.0438331 3448680.33743019 4 0 0 0 
1 120.585626 31.1370628 0 85.78 21269715.512295 3448680.37160483 4 0 0 0 
1 120.5856309 31.137063 0 85.81 21269715.9802734 3448680.38359589 4 0 0 0 
1 120.5856358 31.1370633 0 85.85 21269716.4484935 3448680.40667878 4 0 0 0 
1 120.5856408 31.1370637 0 85.88 21269716.9264962 3448680.44064547 4 0 0 0 
1 120.5856458 31.137064 0 85.91 21269717.404257 3448680.46352039 4 0 0 0 
1 120.5856508 31.1370643 0 85.93 21269717.8820179 3448680.48639533 4 0 0 0 
1 120.5856559 31.1370646 0 85.97 21269718.3693194 3448680.50906228 4 0 0 0 
1 120.585661 31.1370649 0 85.99 21269718.8566209 3448680.53172925 4 0 0 0 
1 120.5856661 31.1370652 0 86.01 21269719.3439225 3448680.55439625 4 0 0 0 
1 120.5856711 31.1370655 0 86.02 21269719.8216833 3448680.57727128 4 0 0 0 
1 120.5856762 31.1370658 0 86.02 21269720.3089848 3448680.59993832 4 0 0 0 
1 120.5856814 31.1370661 0 86.02 21269720.8058271 3448680.62239738 4 0 0 0 
1 120.5856866 31.1370664 0 86.01 21269721.3026693 3448680.64485646 4 0 0 0 
1 120.5856919 31.1370668 0 86 21269721.8092941 3448680.67819935 4 0 0 0 
1 120.5856971 31.1370672 0 86.01 21269722.3063781 3448680.71175027 4 0 0 0 
1 120.5857024 31.1370675 0 86 21269722.812761 3448680.73400142 4 0 0 0 
1 120.5857076 31.1370678 0 86 21269723.3096032 3448680.7564606 4 0 0 0 
1 120.5857128 31.1370682 0 85.98 21269723.8066873 3448680.79001159 4 0 0 0 
1 120.585718 31.1370686 0 85.96 21269724.3037713 3448680.82356261 4 0 0 0 
1 120.5857232 31.1370689 0 85.93 21269724.8006135 3448680.84602185 4 0 0 0 
1 120.5857283 31.1370692 0 85.89 21269725.287915 3448680.86868912 4 0 0 0 
1 120.5857336 31.1370695 0 85.82 21269725.7942979 3448680.89094041 4 0 0 0 
1 120.5857388 31.1370699 0 85.77 21269726.2913819 3448680.92449152 4 0 0 0 
1 120.585744 31.1370701 0 85.74 21269726.7879822 3448680.93585906 4 0 0 0 
1 120.5857492 31.1370704 0 85.69 21269727.2848244 3448680.95831842 4 0 0 0 
1 120.5857544 31.1370709 0 85.67 21269727.7821502 3448681.00296139 4 0 0 0 
1 120.5857596 31.1370712 0 85.67 21269728.2789924 3448681.0254208 4 0 0 0 
1 120.5857647 31.1370715 0 85.67 21269728.7662938 3448681.04808823 4 0 0 0 
1 120.5857699 31.1370718 0 85.66 21269729.263136 3448681.07054768 4 0 0 0 
1 120.5857751 31.1370721 0 85.65 21269729.7599781 3448681.09300716 4 0 0 0 
1 120.5857802 31.1370725 0 85.65 21269730.2475214 3448681.12676645 4 0 0 0 
1 120.5857854 31.1370728 0 85.65 21269730.7443636 3448681.14922597 4 0 0 0 
1 120.5857905 31.1370731 0 85.64 21269731.231665 3448681.17189351 4 0 0 0 
1 120.5857957 31.1370735 0 85.63 21269731.7287489 3448681.20544488 4 0 0 0 
1 120.5858009 31.1370738 0 85.62 21269732.2255911 3448681.22790447 4 0 0 0 
1 120.5858061 31.1370741 0 85.61 21269732.7224332 3448681.25036408 4 0 0 0 
1 120.5858113 31.1370745 0 85.62 21269733.2195172 3448681.28391551 4 0 0 0 
1 120.5858165 31.1370748 0 85.6 21269733.7163593 3448681.30637517 4 0 0 0 
1 120.5858217 31.1370751 0 85.56 21269734.2132014 3448681.32883486 4 0 0 0 
1 120.5858269 31.1370755 0 85.54 21269734.7102853 3448681.36238636 4 0 0 0 
1 120.5858321 31.1370759 0 85.52 21269735.2073692 3448681.39593789 4 0 0 0 
1 120.5858373 31.1370762 0 85.5 21269735.7042113 3448681.41839764 4 0 0 0 
1 120.5858425 31.1370766 0 85.47 21269736.2012952 3448681.45194921 4 0 0 0 
1 120.5858477 31.137077 0 85.42 21269736.6983792 3448681.48550081 4 0 0 0 
1 120.5858529 31.1370773 0 85.38 21269737.1952212 3448681.50796063 4 0 0 0 
1 120.585858 31.1370777 0 85.37 21269737.6827644 3448681.54172026 4 0 0 0 
1 120.5858632 31.1370781 0 85.38 21269738.1798483 3448681.57527193 4 0 0 0 
1 120.5858684 31.1370785 0 85.37 21269738.6769322 3448681.60882362 4 0 0 0 
1 120.5858735 31.1370788 0 85.37 21269739.1642336 3448681.63149152 4 0 0 0 
1 120.5858787 31.1370792 0 85.37 21269739.6613175 3448681.66504325 4 0 0 0 
1 120.5858838 31.1370796 0 85.38 21269740.1488606 3448681.698803 4 0 0 0 
1 120.585889 31.13708 0 85.37 21269740.6459445 3448681.73235478 4 0 0 0 
1 120.5858942 31.1370804 0 85.36 21269741.1430283 3448681.76590658 4 0 0 0 
1 120.5858993 31.1370808 0 85.34 21269741.6305715 3448681.7996664 4 0 0 0 
1 120.5859045 31.1370811 0 85.31 21269742.1274135 3448681.82212645 4 0 0 0 
1 120.5859097 31.1370815 0 85.31 21269742.6244974 3448681.85567832 4 0 0 0 
1 120.5859149 31.1370818 0 85.3 21269743.1213394 3448681.87813842 4 0 0 0 
1 120.5859199 31.1370822 0 85.32 21269743.5993419 3448681.91210631 4 0 0 0 
1 120.5859251 31.1370826 0 85.37 21269744.0964257 3448681.94565825 4 0 0 0 
1 120.5859303 31.1370829 0 85.39 21269744.5932677 3448681.96811842 4 0 0 0 
1 120.5859355 31.1370832 0 85.41 21269745.0901097 3448681.99057861 4 0 0 0 
1 120.5859406 31.1370835 0 85.44 21269745.5774111 3448682.01324681 4 0 0 0 
1 120.5859457 31.1370839 0 85.48 21269746.0649542 3448682.04700683 4 0 0 0 
1 120.5859508 31.1370842 0 85.51 21269746.5522555 3448682.06967507 4 0 0 0 
1 120.5859559 31.1370846 0 85.53 21269747.0397986 3448682.10343513 4 0 0 0 
1 120.585961 31.1370849 0 85.56 21269747.5270999 3448682.12610342 4 0 0 0 
1 120.5859661 31.1370852 0 85.59 21269748.0144012 3448682.14877173 4 0 0 0 
1 120.5859712 31.1370855 0 85.62 21269748.5017024 3448682.17144006 4 0 0 0 
1 120.5859763 31.1370858 0 85.64 21269748.9890037 3448682.19410842 4 0 0 0 
1 120.5859814 31.1370862 0 85.65 21269749.4765468 3448682.22786859 4 0 0 0 
1 120.5859865 31.1370866 0 85.66 21269749.9640899 3448682.26162878 4 0 0 0 
1 120.5859916 31.1370869 0 85.67 21269750.4513912 3448682.28429721 4 0 0 0 
1 120.5859967 31.1370872 0 85.7 21269750.9386924 3448682.30696565 4 0 0 0 
1 120.5860019 31.1370876 0 85.72 21269751.4357762 3448682.34051793 4 0 0 0 
1 120.586007 31.1370879 0 85.74 21269751.9230774 3448682.36318642 4 0 0 0 
1 120.5860121 31.1370882 0 85.79 21269752.4103787 3448682.38585494 4 0 0 0 
1 120.5860172 31.1370886 0 85.81 21269752.8979217 3448682.41961527 4 0 0 0 
1 120.5860223 31.1370889 0 85.84 21269753.385223 3448682.44228382 4 0 0 0 
1 120.5860273 31.1370892 0 85.85 21269753.8629835 3448682.46516038 4 0 0 0 
1 120.5860324 31.1370895 0 85.86 21269754.3502848 3448682.48782898 4 0 0 0 
1 120.5860375 31.1370898 0 85.87 21269754.837586 3448682.5104976 4 0 0 0 
1 120.5860425 31.1370902 0 85.88 21269755.3155883 3448682.54446602 4 0 0 0 
1 120.5860476 31.1370905 0 85.88 21269755.8028896 3448682.56713468 4 0 0 0 
1 120.5860527 31.1370907 0 85.88 21269756.289949 3448682.57871158 4 0 0 0 
1 120.5860577 31.137091 0 85.87 21269756.7677095 3448682.60158826 4 0 0 0 
1 120.5860628 31.1370914 0 85.84 21269757.2552525 3448682.63534879 4 0 0 0 
1 120.5860679 31.1370917 0 85.82 21269757.7425537 3448682.65801755 4 0 0 0 
1 120.5860729 31.1370921 0 85.79 21269758.220556 3448682.6919861 4 0 0 0 
1 120.5860779 31.1370924 0 85.78 21269758.6983165 3448682.71486287 4 0 0 0 
1 120.586083 31.1370928 0 85.76 21269759.1858595 3448682.74862349 4 0 0 0 
1 120.586088 31.1370931 0 85.75 21269759.66362 3448682.7715003 4 0 0 0 
1 120.586093 31.1370934 0 85.73 21269760.1413805 3448682.79437714 4 0 0 0 
1 120.5860981 31.1370937 0 85.69 21269760.6286817 3448682.81704603 4 0 0 0 
1 120.5861031 31.137094 0 85.66 21269761.1064422 3448682.83992291 4 0 0 0 
1 120.5861081 31.1370943 0 85.63 21269761.5842026 3448682.86279981 4 0 0 0 
1 120.5861131 31.1370947 0 85.6 21269762.0622049 3448682.89676853 4 0 0 0 
1 120.5861181 31.137095 0 85.59 21269762.5399654 3448682.91964547 4 0 0 0 
1 120.5861231 31.1370953 0 85.59 21269763.0177258 3448682.94252244 4 0 0 0 
1 120.5861281 31.1370956 0 85.61 21269763.4954863 3448682.96539943 4 0 0 0 
1 120.5861331 31.137096 0 85.62 21269763.9734885 3448682.99936823 4 0 0 0 
1 120.586138 31.1370964 0 85.63 21269764.4419501 3448683.03354502 4 0 0 0 
1 120.586143 31.1370967 0 85.63 21269764.9197105 3448683.05642208 4 0 0 0 
1 120.586148 31.137097 0 85.64 21269765.397471 3448683.07929915 4 0 0 0 
1 120.5861529 31.1370973 0 85.66 21269765.8656907 3448683.10238421 4 0 0 0 
1 120.5861579 31.1370976 0 85.68 21269766.3434511 3448683.12526133 4 0 0 0 
1 120.5861629 31.137098 0 85.68 21269766.8214534 3448683.15923026 4 0 0 0 
1 120.5861679 31.1370983 0 85.67 21269767.2992138 3448683.18210742 4 0 0 0 
1 120.5861728 31.1370987 0 85.65 21269767.7676753 3448683.21628436 4 0 0 0 
1 120.5861778 31.137099 0 85.61 21269768.2454357 3448683.23916156 4 0 0 0 
1 120.5861827 31.1370993 0 85.6 21269768.7136554 3448683.26224674 4 0 0 0 
1 120.5861877 31.1370996 0 85.6 21269769.1914158 3448683.28512399 4 0 0 0 
1 120.5861926 31.1371 0 85.6 21269769.6598773 3448683.31930101 4 0 0 0 
1 120.5861975 31.1371003 0 85.6 21269770.128097 3448683.34238626 4 0 0 0 
1 120.5862025 31.1371006 0 85.6 21269770.6058574 3448683.36526356 4 0 0 0 
1 120.5862074 31.137101 0 85.59 21269771.0743189 3448683.39944065 4 0 0 0 
1 120.5862123 31.1371013 0 85.57 21269771.5425386 3448683.42252596 4 0 0 0 
1 120.5862173 31.1371016 0 85.56 21269772.020299 3448683.44540333 4 0 0 0 
1 120.5862221 31.1371019 0 85.55 21269772.478978 3448683.46869664 4 0 0 0 
1 120.586227 31.1371022 0 85.54 21269772.9471976 3448683.49178201 4 0 0 0 
1 120.5862319 31.1371026 0 85.51 21269773.4156591 3448683.5259592 4 0 0 0 
1 120.5862368 31.1371029 0 85.47 21269773.8838788 3448683.54904461 4 0 0 0 
1 120.5862416 31.1371033 0 85.38 21269774.3427995 3448683.5834298 4 0 0 0 
1 120.5862465 31.1371036 0 85.28 21269774.8110192 3448683.60651525 4 0 0 0 
1 120.5862514 31.137104 0 85.17 21269775.2794806 3448683.64069252 4 0 0 0 
1 120.5862562 31.1371043 0 85.06 21269775.7381596 3448683.66398597 4 0 0 0 
1 120.586261 31.1371047 0 84.97 21269776.1970803 3448683.69837124 4 0 0 0 
1 120.5862658 31.137105 0 84.89 21269776.6557592 3448683.72166473 4 0 0 0 
1 120.5862706 31.1371053 0 84.82 21269777.1144382 3448683.74495824 4 0 0 0 
1 120.5862754 31.1371057 0 84.75 21269777.5733589 3448683.77934357 4 0 0 0 
1 120.5862803 31.1371061 0 84.67 21269778.0418203 3448683.81352096 4 0 0 0 
1 120.5862851 31.1371065 0 84.6 21269778.500741 3448683.84790632 4 0 0 0 
1 120.5862899 31.1371068 0 84.6 21269778.9594199 3448683.87119991 4 0 0 0 
1 120.5862948 31.1371072 0 84.62 21269779.4278813 3448683.90537737 4 0 0 0 
1 120.5862996 31.1371075 0 84.62 21269779.8865602 3448683.928671 4 0 0 0 
1 120.5863045 31.1371079 0 84.61 21269780.3550216 3448683.96284849 4 0 0 0 
1 120.5863092 31.1371083 0 84.63 21269780.8044016 3448683.9974419 4 0 0 0 
1 120.586314 31.1371087 0 84.66 21269781.2633222 3448684.03182739 4 0 0 0 
1 120.5863189 31.1371091 0 84.67 21269781.7317836 3448684.06600494 4 0 0 0 
1 120.5863237 31.1371095 0 84.67 21269782.1907043 3448684.10039046 4 0 0 0 
1 120.5863285 31.1371098 0 84.68 21269782.6493832 3448684.12368422 4 0 0 0 
1 120.5863333 31.1371102 0 84.72 21269783.1083038 3448684.15806978 4 0 0 0 
1 120.5863381 31.1371106 0 84.74 21269783.5672245 3448684.19245536 4 0 0 0 
1 120.5863429 31.137111 0 84.73 21269784.0261451 3448684.22684096 4 0 0 0 
1 120.5863476 31.1371113 0 84.75 21269784.4752833 3448684.25034274 4 0 0 0 
1 120.5863524 31.1371116 0 84.77 21269784.9339622 3448684.27363659 4 0 0 0 
1 120.5863571 31.137112 0 84.78 21269785.3833421 3448684.3082302 4 0 0 0 
1 120.5863619 31.1371124 0 84.8 21269785.8422627 3448684.34261588 4 0 0 0 
