1 120.5852912 31.1357484 0 352.27 21269680.39103 3448535.27749708 4 0 0 0 
1 120.585291 31.1357495 0 352.4 21269680.3746087 3448535.39992291 4 0 0 0 
1 120.5852907 31.1357511 0 352.55 21269680.3498558 3448535.57801575 4 0 0 0 
1 120.5852905 31.1357525 0 352.67 21269680.3341601 3448535.73371696 4 0 0 0 
1 120.5852903 31.1357539 0 352.8 21269680.3184644 3448535.88941817 4 0 0 0 
1 120.58529 31.1357554 0 352.91 21269680.2934696 3448536.05641921 4 0 0 0 
1 120.5852898 31.1357569 0 353.01 21269680.2780158 3448536.22321222 4 0 0 0 
1 120.5852896 31.1357582 0 353.1 21269680.2620782 3448536.36782163 4 0 0 0 
1 120.5852894 31.1357601 0 353.24 21269680.2475917 3448536.57898183 4 0 0 0 
1 120.5852893 31.1357614 0 353.32 21269680.2411949 3448536.72338321 4 0 0 0 
1 120.5852891 31.1357634 0 353.46 21269680.2269503 3448536.94563519 4 0 0 0 
1 120.5852889 31.1357648 0 353.55 21269680.2112546 3448537.10133641 4 0 0 0 
1 120.5852886 31.1357668 0 353.68 21269680.1874691 3448537.32379643 4 0 0 0 
1 120.5852884 31.1357685 0 353.8 21269680.172499 3448537.51277303 4 0 0 0 
1 120.5852882 31.1357702 0 353.91 21269680.1575288 3448537.70174963 4 0 0 0 
1 120.585288 31.135772 0 354.02 21269680.1428005 3448537.90181803 4 0 0 0 
1 120.5852878 31.1357738 0 354.12 21269680.1280722 3448538.10188642 4 0 0 0 
1 120.5852875 31.1357757 0 354.23 21269680.1040449 3448538.31325465 4 0 0 0 
1 120.5852874 31.1357776 0 354.31 21269680.0990993 3448538.52420681 4 0 0 0 
1 120.5852872 31.1357791 0 354.36 21269680.0836454 3448538.69099981 4 0 0 0 
1 120.5852869 31.1357815 0 354.45 21269680.0608274 3448538.95782702 4 0 0 0 
1 120.5852867 31.1357831 0 354.5 21269680.0456153 3448539.13571183 4 0 0 0 
1 120.5852864 31.1357855 0 354.56 21269680.0227973 3448539.40253904 4 0 0 0 
1 120.5852862 31.1357876 0 354.6 21269680.0087946 3448539.63588282 4 0 0 0 
1 120.585286 31.1357897 0 354.65 21269679.9947918 3448539.8692266 4 0 0 0 
1 120.5852857 31.1357919 0 354.69 21269679.9714901 3448540.11387022 4 0 0 0 
1 120.5852854 31.1357942 0 354.71 21269679.9484302 3448540.36960563 4 0 0 0 
1 120.5852852 31.1357965 0 354.73 21269679.9349112 3448540.62513301 4 0 0 0 
1 120.5852849 31.1357989 0 354.75 21269679.9120932 3448540.89196022 4 0 0 0 
1 120.5852846 31.1358013 0 354.76 21269679.8892752 3448541.15878743 4 0 0 0 
1 120.5852843 31.1358038 0 354.78 21269679.866699 3448541.43670643 4 0 0 0 
1 120.5852841 31.1358059 0 354.8 21269679.8526963 3448541.67005022 4 0 0 0 
1 120.5852838 31.1358091 0 354.84 21269679.8318131 3448542.0256118 4 0 0 0 
1 120.5852835 31.1358117 0 354.86 21269679.8094788 3448542.3146226 4 0 0 0 
1 120.5852832 31.1358145 0 354.88 21269679.7876282 3448542.62581699 4 0 0 0 
1 120.585283 31.1358167 0 354.9 21269679.7738673 3448542.87025258 4 0 0 0 
1 120.5852826 31.1358201 0 354.92 21269679.743927 3448543.24820578 4 0 0 0 
1 120.5852823 31.135823 0 354.92 21269679.7223183 3448543.57049197 4 0 0 0 
1 120.585282 31.1358259 0 354.96 21269679.7007096 3448543.89277816 4 0 0 0 
1 120.5852818 31.1358288 0 355.01 21269679.6886417 3448544.21485632 4 0 0 0 
1 120.5852814 31.1358317 0 355.06 21269679.6574921 3448544.53735055 4 0 0 0 
1 120.5852812 31.135834 0 355.1 21269679.6439731 3448544.79287793 4 0 0 0 
1 120.5852808 31.1358376 0 355.16 21269679.6145166 3448545.19301472 4 0 0 0 
1 120.5852805 31.1358406 0 355.23 21269679.5931497 3448545.52639271 4 0 0 0 
1 120.5852802 31.1358436 0 355.31 21269679.5717828 3448545.8597707 4 0 0 0 
1 120.58528 31.135846 0 355.38 21269679.5585057 3448546.12638988 4 0 0 0 
1 120.5852797 31.1358497 0 355.47 21269679.5388318 3448546.53741044 4 0 0 0 
1 120.5852794 31.1358528 0 355.53 21269679.5177068 3448546.88188023 4 0 0 0 
1 120.585279 31.1358559 0 355.58 21269679.487041 3448547.22655805 4 0 0 0 
1 120.5852788 31.1358584 0 355.62 21269679.4740057 3448547.50426902 4 0 0 0 
1 120.5852784 31.1358623 0 355.68 21269679.4452748 3448547.93768121 4 0 0 0 
1 120.5852781 31.1358655 0 355.74 21269679.4243916 3448548.29324279 4 0 0 0 
1 120.5852778 31.1358686 0 355.79 21269679.4032666 3448548.63771258 4 0 0 0 
1 120.5852775 31.1358718 0 355.85 21269679.3823835 3448548.99327416 4 0 0 0 
1 120.5852772 31.135875 0 355.91 21269679.3615004 3448549.34883575 4 0 0 0 
1 120.585277 31.1358776 0 355.95 21269679.348707 3448549.63763852 4 0 0 0 
1 120.5852768 31.1358816 0 356.01 21269679.3392995 3448550.08172643 4 0 0 0 
1 120.5852765 31.1358849 0 356.06 21269679.3186583 3448550.44837981 4 0 0 0 
1 120.5852762 31.1358882 0 356.09 21269679.298017 3448550.8150332 4 0 0 0 
1 120.585276 31.1358909 0 356.1 21269679.2854655 3448551.11492776 4 0 0 0 
1 120.5852756 31.1358949 0 356.1 21269679.2569764 3448551.55943175 4 0 0 0 
1 120.5852754 31.1358976 0 356.1 21269679.2444248 3448551.85932632 4 0 0 0 
1 120.5852752 31.1359016 0 356.11 21269679.2350174 3448552.30341424 4 0 0 0 
1 120.585275 31.1359043 0 356.1 21269679.2224658 3448552.60330881 4 0 0 0 
1 120.5852746 31.1359085 0 356.07 21269679.1944605 3448553.06999639 4 0 0 0 
1 120.5852743 31.1359119 0 356.05 21269679.1740611 3448553.44774157 4 0 0 0 
1 120.5852741 31.1359154 0 356.05 21269679.1634444 3448553.83637051 4 0 0 0 
1 120.5852738 31.1359188 0 356.05 21269679.143045 3448554.21411569 4 0 0 0 
1 120.5852735 31.1359223 0 356.05 21269679.1228875 3448554.60295266 4 0 0 0 
1 120.5852733 31.1359251 0 356.06 21269679.1105778 3448554.91393903 4 0 0 0 
1 120.5852729 31.1359293 0 356.09 21269679.0825725 3448555.38062662 4 0 0 0 
1 120.5852727 31.1359322 0 356.09 21269679.0705047 3448555.70270478 4 0 0 0 
1 120.5852723 31.1359364 0 356.1 21269679.0424993 3448556.16939237 4 0 0 0 
1 120.5852721 31.1359392 0 356.09 21269679.0301897 3448556.48037874 4 0 0 0 
1 120.5852717 31.1359436 0 356.08 21269679.002668 3448556.96924992 4 0 0 0 
1 120.5852715 31.1359465 0 356.07 21269678.9906002 3448557.29132808 4 0 0 0 
1 120.5852711 31.1359508 0 356.05 21269678.9628368 3448557.76910747 4 0 0 0 
1 120.5852708 31.1359537 0 356.04 21269678.9412282 3448558.09139367 4 0 0 0 
1 120.5852705 31.1359581 0 356.04 21269678.9232474 3448558.58005681 4 0 0 0 
1 120.5852703 31.1359611 0 356.03 21269678.9114214 3448558.91322677 4 0 0 0 
1 120.5852699 31.1359655 0 356 21269678.8838998 3448559.40209796 4 0 0 0 
1 120.5852695 31.1359692 0 355.95 21269678.8546853 3448559.81332657 4 0 0 0 
1 120.5852693 31.1359729 0 355.9 21269678.8445523 3448560.2241391 4 0 0 0 
1 120.5852691 31.1359759 0 355.87 21269678.8327264 3448560.55730907 4 0 0 0 
1 120.5852686 31.1359805 0 355.82 21269678.7961477 3448561.06857188 4 0 0 0 
1 120.5852684 31.1359836 0 355.79 21269678.7845636 3448561.41283364 4 0 0 0 
1 120.5852679 31.1359882 0 355.74 21269678.747985 3448561.92409646 4 0 0 0 
1 120.5852676 31.1359912 0 355.73 21269678.7266182 3448562.25747446 4 0 0 0 
1 120.5852671 31.1359959 0 355.72 21269678.6902814 3448562.77982907 4 0 0 0 
1 120.5852667 31.1359998 0 355.7 21269678.6615506 3448563.21324128 4 0 0 0 
1 120.5852665 31.1360036 0 355.69 21269678.6516595 3448563.63514561 4 0 0 0 
1 120.5852661 31.1360075 0 355.7 21269678.6229287 3448564.06855782 4 0 0 0 
1 120.5852658 31.1360113 0 355.7 21269678.6034968 3448564.49067019 4 0 0 0 
1 120.5852655 31.1360144 0 355.7 21269678.582372 3448564.83513999 4 0 0 0 
1 120.585265 31.1360191 0 355.69 21269678.5460352 3448565.35749461 4 0 0 0 
1 120.5852648 31.1360223 0 355.68 21269678.534693 3448565.71284817 4 0 0 0 
1 120.5852643 31.136027 0 355.64 21269678.4983562 3448566.23520279 4 0 0 0 
1 120.585264 31.1360302 0 355.57 21269678.4774732 3448566.59076438 4 0 0 0 
1 120.5852636 31.1360349 0 355.49 21269678.4506773 3448567.11291096 4 0 0 0 
1 120.5852632 31.136038 0 355.44 21269678.4200116 3448567.4575888 4 0 0 0 
1 120.5852628 31.1360427 0 355.37 21269678.3932157 3448567.97973539 4 0 0 0 
1 120.5852625 31.1360467 0 355.34 21269678.3742676 3448568.42403136 4 0 0 0 
1 120.5852622 31.1360506 0 355.32 21269678.3550776 3448568.85723553 4 0 0 0 
1 120.5852619 31.1360537 0 355.3 21269678.3339528 3448569.20170533 4 0 0 0 
1 120.5852615 31.1360585 0 355.27 21269678.3073987 3448569.73494371 4 0 0 0 
1 120.5852612 31.1360617 0 355.25 21269678.2865157 3448570.09050531 4 0 0 0 
1 120.5852607 31.1360665 0 355.19 21269678.2504209 3448570.62395173 4 0 0 0 
1 120.5852603 31.1360705 0 355.14 21269678.221932 3448571.06845574 4 0 0 0 
1 120.5852599 31.1360744 0 355.1 21269678.1932012 3448571.50186796 4 0 0 0 
1 120.5852595 31.1360784 0 355.09 21269678.1647123 3448571.94637197 4 0 0 0 
1 120.585259 31.1360824 0 355.08 21269678.1266826 3448572.39108402 4 0 0 0 
1 120.5852586 31.1360865 0 355.08 21269678.0984356 3448572.84667983 4 0 0 0 
1 120.5852583 31.1360905 0 355.07 21269678.0794875 3448573.29097581 4 0 0 0 
1 120.5852579 31.1360945 0 355.07 21269678.0509986 3448573.73547982 4 0 0 0 
1 120.5852575 31.1360986 0 355.07 21269678.0227516 3448574.19107563 4 0 0 0 
1 120.5852571 31.1361026 0 355.08 21269677.9942627 3448574.63557965 4 0 0 0 
1 120.5852568 31.1361067 0 355.1 21269677.9755565 3448575.09096742 4 0 0 0 
1 120.5852564 31.1361108 0 355.12 21269677.9473095 3448575.54656323 4 0 0 0 
1 120.585256 31.1361148 0 355.14 21269677.9188207 3448575.99106725 4 0 0 0 
1 120.5852557 31.1361181 0 355.15 21269677.8981796 3448576.35772065 4 0 0 0 
1 120.585255 31.1361229 0 355.16 21269677.8430032 3448576.89158315 4 0 0 0 
1 120.5852547 31.1361262 0 355.19 21269677.8223622 3448577.25823656 4 0 0 0 
1 120.5852543 31.1361311 0 355.24 21269677.7960501 3448577.80256674 4 0 0 0 
1 120.5852539 31.1361353 0 355.28 21269677.7680449 3448578.26925436 4 0 0 0 
1 120.5852535 31.1361393 0 355.33 21269677.7395561 3448578.71375838 4 0 0 0 
1 120.5852531 31.1361434 0 355.37 21269677.7113091 3448579.16935419 4 0 0 0 
1 120.5852529 31.1361477 0 355.38 21269677.7026275 3448579.64671752 4 0 0 0 
1 120.5852525 31.1361518 0 355.39 21269677.6743805 3448580.10231334 4 0 0 0 
1 120.585252 31.1361559 0 355.41 21269677.6365928 3448580.5581172 4 0 0 0 
1 120.5852517 31.1361592 0 355.41 21269677.6159518 3448580.9247706 4 0 0 0 
1 120.5852513 31.1361643 0 355.43 21269677.5901234 3448581.49128439 4 0 0 0 
1 120.5852511 31.1361677 0 355.44 21269677.579265 3448581.86882155 4 0 0 0 
1 120.5852505 31.1361727 0 355.48 21269677.5341132 3448582.42465962 4 0 0 0 
1 120.5852502 31.136176 0 355.54 21269677.5134722 3448582.79131303 4 0 0 0 
1 120.5852497 31.1361812 0 355.64 21269677.478345 3448583.36912665 4 0 0 0 
1 120.5852494 31.1361854 0 355.69 21269677.4598807 3448583.83560623 4 0 0 0 
1 120.585249 31.1361896 0 355.73 21269677.4318756 3448584.30229385 4 0 0 0 
1 120.5852486 31.1361938 0 355.76 21269677.4038706 3448584.76898147 4 0 0 0 
1 120.5852482 31.1361981 0 355.78 21269677.3761074 3448585.24676088 4 0 0 0 
1 120.5852478 31.1362015 0 355.8 21269677.3461675 3448585.62471413 4 0 0 0 
1 120.5852474 31.1362065 0 355.82 21269677.3200973 3448586.18013612 4 0 0 0 
1 120.5852471 31.1362099 0 355.83 21269677.2996982 3448586.55788133 4 0 0 0 
1 120.5852467 31.1362149 0 355.84 21269677.273628 3448587.11330332 4 0 0 0 
1 120.5852463 31.1362191 0 355.85 21269677.245623 3448587.57999094 4 0 0 0 
1 120.585246 31.1362233 0 355.83 21269677.2271588 3448588.04647053 4 0 0 0 
1 120.5852456 31.1362275 0 355.78 21269677.1991538 3448588.51315815 4 0 0 0 
1 120.5852452 31.1362317 0 355.75 21269677.1711487 3448588.97984577 4 0 0 0 
1 120.5852448 31.1362359 0 355.75 21269677.1431437 3448589.4465334 4 0 0 0 
1 120.5852444 31.1362401 0 355.75 21269677.1151387 3448589.91322102 4 0 0 0 
1 120.5852441 31.1362443 0 355.72 21269677.0966745 3448590.3797006 4 0 0 0 
1 120.5852437 31.1362484 0 355.72 21269677.0684277 3448590.83529643 4 0 0 0 
1 120.5852435 31.1362518 0 355.73 21269677.0575694 3448591.21283361 4 0 0 0 
1 120.585243 31.1362568 0 355.72 21269677.0219585 3448591.76846365 4 0 0 0 
1 120.5852428 31.1362601 0 355.7 21269677.0108583 3448592.13490902 4 0 0 0 
1 120.5852423 31.1362651 0 355.65 21269676.9752474 3448592.69053906 4 0 0 0 
1 120.585242 31.1362684 0 355.62 21269676.9546065 3448593.05719248 4 0 0 0 
1 120.5852415 31.1362734 0 355.58 21269676.9189956 3448593.61282252 4 0 0 0 
1 120.5852412 31.1362767 0 355.56 21269676.8983547 3448593.97947594 4 0 0 0 
1 120.5852408 31.1362817 0 355.55 21269676.8722846 3448594.53489794 4 0 0 0 
1 120.5852405 31.1362851 0 355.57 21269676.8518856 3448594.91264316 4 0 0 0 
1 120.5852401 31.13629 0 355.6 21269676.8255736 3448595.45697336 4 0 0 0 
1 120.5852398 31.1362934 0 355.6 21269676.8051746 3448595.83471858 4 0 0 0 
1 120.5852394 31.1362983 0 355.6 21269676.7788627 3448596.37904879 4 0 0 0 
1 120.5852391 31.1363016 0 355.61 21269676.7582218 3448596.74570221 4 0 0 0 
1 120.5852387 31.1363066 0 355.62 21269676.7321517 3448597.30112422 4 0 0 0 
1 120.5852383 31.1363107 0 355.63 21269676.7115108 3448597.66777763 4 0 0 0 
1 120.5852379 31.1363148 0 355.64 21269676.6756581 3448598.21231589 4 0 0 0 
1 120.5852376 31.1363181 0 355.64 21269676.6550172 3448598.57896931 4 0 0 0 
1 120.5852371 31.1363231 0 355.64 21269676.6194064 3448599.13459936 4 0 0 0 
1 120.5852368 31.1363272 0 355.64 21269676.6007004 3448599.58998715 4 0 0 0 
1 120.5852364 31.1363313 0 355.65 21269676.5724537 3448600.04558299 4 0 0 0 
1 120.585236 31.1363354 0 355.64 21269676.5442069 3448600.50117883 4 0 0 0 
1 120.5852357 31.1363395 0 355.64 21269676.5255009 3448600.95656663 4 0 0 0 
1 120.5852354 31.1363428 0 355.64 21269676.5048601 3448601.32322005 4 0 0 0 
1 120.5852349 31.1363477 0 355.65 21269676.4690074 3448601.86775831 4 0 0 0 
1 120.5852346 31.136351 0 355.64 21269676.4483666 3448602.23441173 4 0 0 0 
1 120.5852341 31.1363559 0 355.62 21269676.4125139 3448602.77894999 4 0 0 0 
1 120.5852338 31.1363599 0 355.61 21269676.3935661 3448603.22324599 4 0 0 0 
1 120.5852335 31.1363639 0 355.6 21269676.3746183 3448603.667542 4 0 0 0 
1 120.5852333 31.1363672 0 355.6 21269676.3635182 3448604.03398738 4 0 0 0 
1 120.5852326 31.1363721 0 355.6 21269676.308584 3448604.57894173 4 0 0 0 
1 120.5852322 31.1363762 0 355.6 21269676.2803373 3448605.03453757 4 0 0 0 
1 120.585232 31.1363802 0 355.6 21269676.2709303 3448605.47862553 4 0 0 0 
1 120.5852317 31.1363834 0 355.59 21269676.2500476 3448605.83418716 4 0 0 0 
1 120.5852311 31.1363882 0 355.59 21269676.2044124 3448606.36784167 4 0 0 0 
1 120.5852307 31.1363923 0 355.58 21269676.1761657 3448606.82343752 4 0 0 0 
1 120.5852304 31.1363963 0 355.58 21269676.1572179 3448607.26773352 4 0 0 0 
1 120.5852301 31.1363995 0 355.57 21269676.1363352 3448607.62329515 4 0 0 0 
1 120.5852296 31.1364044 0 355.57 21269676.1004826 3448608.16783342 4 0 0 0 
1 120.5852292 31.1364085 0 355.57 21269676.0722359 3448608.62342927 4 0 0 0 
1 120.5852289 31.1364125 0 355.56 21269676.0532882 3448609.06772528 4 0 0 0 
1 120.5852286 31.1364165 0 355.56 21269676.0343404 3448609.51202129 4 0 0 0 
1 120.5852282 31.1364206 0 355.54 21269676.0060937 3448609.96761713 4 0 0 0 
1 120.5852279 31.1364238 0 355.51 21269675.985211 3448610.32317877 4 0 0 0 
1 120.5852275 31.1364286 0 355.46 21269675.9586574 3448610.8564172 4 0 0 0 
1 120.5852272 31.1364318 0 355.42 21269675.9377748 3448611.21197883 4 0 0 0 
1 120.5852268 31.1364366 0 355.37 21269675.9112212 3448611.74521726 4 0 0 0 
1 120.5852264 31.1364406 0 355.32 21269675.8827326 3448612.18972132 4 0 0 0 
1 120.585226 31.1364445 0 355.29 21269675.8540023 3448612.62313357 4 0 0 0 
1 120.5852257 31.1364477 0 355.27 21269675.8331196 3448612.97869521 4 0 0 0 
1 120.5852252 31.1364525 0 355.27 21269675.7970252 3448613.51214168 4 0 0 0 
1 120.5852249 31.1364565 0 355.28 21269675.7780775 3448613.9564377 4 0 0 0 
1 120.5852245 31.1364605 0 355.31 21269675.749589 3448614.40094175 4 0 0 0 
1 120.5852242 31.1364637 0 355.34 21269675.7287064 3448614.75650339 4 0 0 0 
1 120.5852237 31.1364684 0 355.37 21269675.6923702 3448615.27885807 4 0 0 0 
1 120.5852234 31.1364716 0 355.39 21269675.6714875 3448615.63441971 4 0 0 0 
1 120.5852229 31.1364763 0 355.42 21269675.6351513 3448616.15677439 4 0 0 0 
1 120.5852226 31.1364802 0 355.43 21269675.6159618 3448616.58997861 4 0 0 0 
1 120.5852223 31.1364841 0 355.45 21269675.5967722 3448617.02318283 4 0 0 0 
1 120.585222 31.1364872 0 355.47 21269675.5756477 3448617.36765267 4 0 0 0 
1 120.5852215 31.136492 0 355.49 21269675.5395534 3448617.90109915 4 0 0 0 
1 120.5852212 31.1364952 0 355.5 21269675.5186708 3448618.25666079 4 0 0 0 
1 120.5852207 31.1364999 0 355.52 21269675.4823346 3448618.77901548 4 0 0 0 
1 120.5852205 31.1365031 0 355.53 21269675.4709928 3448619.13436908 4 0 0 0 
1 120.5852201 31.1365078 0 355.55 21269675.4441974 3448619.65651572 4 0 0 0 
1 120.5852198 31.1365109 0 355.57 21269675.4230729 3448620.00098556 4 0 0 0 
1 120.5852194 31.1365156 0 355.59 21269675.3962775 3448620.52313221 4 0 0 0 
1 120.5852191 31.1365187 0 355.59 21269675.3751531 3448620.86760205 4 0 0 0 
1 120.5852187 31.1365234 0 355.61 21269675.3483577 3448621.3897487 4 0 0 0 
1 120.5852184 31.1365265 0 355.62 21269675.3272333 3448621.73421854 4 0 0 0 
1 120.585218 31.1365311 0 355.65 21269675.300196 3448622.24527339 4 0 0 0 
1 120.5852177 31.1365343 0 355.67 21269675.2793134 3448622.60083503 4 0 0 0 
1 120.5852173 31.136539 0 355.7 21269675.2525181 3448623.12298168 4 0 0 0 
1 120.585217 31.1365428 0 355.71 21269675.2330867 3448623.54509411 4 0 0 0 
1 120.5852166 31.1365467 0 355.72 21269675.2043564 3448623.97850638 4 0 0 0 
1 120.5852163 31.1365506 0 355.72 21269675.1851669 3448624.4117106 4 0 0 0 
1 120.585216 31.1365544 0 355.72 21269675.1657356 3448624.83382303 4 0 0 0 
1 120.5852156 31.1365583 0 355.73 21269675.1370053 3448625.2672353 4 0 0 0 
1 120.5852153 31.1365621 0 355.74 21269675.1175739 3448625.68934773 4 0 0 0 
1 120.5852149 31.136566 0 355.75 21269675.0888437 3448626.12276 4 0 0 0 
1 120.5852146 31.1365698 0 355.75 21269675.0694123 3448626.54487244 4 0 0 0 
1 120.5852143 31.1365729 0 355.76 21269675.0482879 3448626.88934228 4 0 0 0 
1 120.5852139 31.1365776 0 355.75 21269675.0214926 3448627.41148894 4 0 0 0 
1 120.5852135 31.1365815 0 355.74 21269674.9927624 3448627.84490121 4 0 0 0 
1 120.5852132 31.1365852 0 355.75 21269674.9730891 3448628.25592185 4 0 0 0 
1 120.5852129 31.1365891 0 355.75 21269674.9538997 3448628.68912607 4 0 0 0 
1 120.5852126 31.1365929 0 355.73 21269674.9344683 3448629.11123851 4 0 0 0 
1 120.5852123 31.1365967 0 355.73 21269674.915037 3448629.53335094 4 0 0 0 
1 120.585212 31.1366005 0 355.73 21269674.8956057 3448629.95546337 4 0 0 0 
1 120.5852117 31.1366035 0 355.73 21269674.8742394 3448630.28884143 4 0 0 0 
1 120.5852112 31.1366081 0 355.74 21269674.8376615 3448630.80010433 4 0 0 0 
1 120.585211 31.1366111 0 355.73 21269674.825836 3448631.13327434 4 0 0 0 
1 120.5852106 31.1366157 0 355.72 21269674.7987989 3448631.6443292 4 0 0 0 
1 120.5852103 31.1366188 0 355.72 21269674.7776745 3448631.98879906 4 0 0 0 
1 120.5852099 31.1366233 0 355.74 21269674.7503955 3448632.48876212 4 0 0 0 
1 120.5852096 31.1366264 0 355.75 21269674.7292711 3448632.83323197 4 0 0 0 
1 120.5852092 31.1366308 0 355.75 21269674.7017503 3448633.32210324 4 0 0 0 
1 120.5852089 31.1366338 0 355.75 21269674.680384 3448633.6554813 4 0 0 0 
1 120.5852085 31.1366384 0 355.75 21269674.6533469 3448634.16653616 4 0 0 0 
1 120.5852082 31.1366414 0 355.75 21269674.6319807 3448634.49991422 4 0 0 0 
1 120.5852079 31.1366459 0 355.75 21269674.6142425 3448634.99966924 4 0 0 0 
1 120.5852076 31.136649 0 355.76 21269674.5931181 3448635.34413909 4 0 0 0 
1 120.5852072 31.1366534 0 355.76 21269674.5655973 3448635.83301036 4 0 0 0 
1 120.5852069 31.1366572 0 355.76 21269674.546166 3448636.2551228 4 0 0 0 
1 120.5852066 31.1366609 0 355.76 21269674.5264929 3448636.66614345 4 0 0 0 
1 120.5852063 31.1366639 0 355.77 21269674.5051267 3448636.99952151 4 0 0 0 
1 120.5852059 31.1366683 0 355.78 21269674.4776059 3448637.48839278 4 0 0 0 
1 120.5852056 31.136672 0 355.79 21269674.4579327 3448637.89941342 4 0 0 0 
1 120.5852052 31.1366757 0 355.79 21269674.4287189 3448638.31064211 4 0 0 0 
1 120.5852049 31.1366794 0 355.78 21269674.4090457 3448638.72166275 4 0 0 0 
1 120.5852046 31.1366831 0 355.78 21269674.3893726 3448639.1326834 4 0 0 0 
1 120.5852043 31.1366868 0 355.8 21269674.3696995 3448639.54370404 4 0 0 0 
1 120.585204 31.1366906 0 355.8 21269674.3502682 3448639.96581649 4 0 0 0 
1 120.5852038 31.1366935 0 355.8 21269674.3382009 3448640.2878947 4 0 0 0 
1 120.5852035 31.1366979 0 355.8 21269674.3202209 3448640.77655793 4 0 0 0 
1 120.5852032 31.1367017 0 355.82 21269674.3007897 3448641.19867038 4 0 0 0 
1 120.5852028 31.1367054 0 355.81 21269674.2715758 3448641.60989907 4 0 0 0 
1 120.5852025 31.136709 0 355.81 21269674.2516608 3448642.00982792 4 0 0 0 
1 120.5852021 31.1367127 0 355.8 21269674.222447 3448642.42105661 4 0 0 0 
1 120.5852018 31.1367156 0 355.79 21269674.200839 3448642.74334288 4 0 0 0 
1 120.5852014 31.13672 0 355.79 21269674.1733182 3448643.23221416 4 0 0 0 
1 120.5852011 31.1367236 0 355.8 21269674.1534032 3448643.63214301 4 0 0 0 
1 120.5852008 31.1367272 0 355.82 21269674.1334883 3448644.03207186 4 0 0 0 
1 120.5852006 31.1367301 0 355.81 21269674.121421 3448644.35415008 4 0 0 0 
1 120.5852002 31.1367344 0 355.81 21269674.0936584 3448644.83192956 4 0 0 0 
1 120.5851999 31.136738 0 355.82 21269674.0737435 3448645.23185842 4 0 0 0 
1 120.5851996 31.1367416 0 355.82 21269674.0538285 3448645.63178727 4 0 0 0 
1 120.5851994 31.1367445 0 355.82 21269674.0417612 3448645.95386549 4 0 0 0 
1 120.5851991 31.1367488 0 355.84 21269674.0235394 3448646.43143693 4 0 0 0 
1 120.5851989 31.1367517 0 355.84 21269674.0114721 3448646.75351515 4 0 0 0 
1 120.5851985 31.136756 0 355.83 21269673.9837095 3448647.23129464 4 0 0 0 
1 120.5851983 31.1367588 0 355.83 21269673.9714004 3448647.54228106 4 0 0 0 
1 120.585198 31.1367632 0 355.86 21269673.9534204 3448648.0309443 4 0 0 0 
1 120.5851977 31.1367668 0 355.86 21269673.9335055 3448648.43087315 4 0 0 0 
1 120.5851973 31.1367703 0 355.84 21269673.903808 3448648.81991826 4 0 0 0 
1 120.585197 31.1367739 0 355.84 21269673.8838931 3448649.21984711 4 0 0 0 
1 120.5851967 31.1367775 0 355.84 21269673.8639782 3448649.61977597 4 0 0 0 
1 120.5851965 31.1367803 0 355.85 21269673.851669 3448649.9307624 4 0 0 0 
1 120.5851962 31.1367846 0 355.86 21269673.8334472 3448650.40833384 4 0 0 0 
1 120.5851959 31.1367882 0 355.89 21269673.8135323 3448650.80826269 4 0 0 0 
1 120.5851957 31.1367918 0 355.91 21269673.8031581 3448651.2079835 4 0 0 0 
1 120.5851954 31.1367946 0 355.91 21269673.7813083 3448651.51917798 4 0 0 0 
1 120.5851951 31.1367987 0 355.89 21269673.7626027 3448651.97456583 4 0 0 0 
1 120.5851949 31.1368015 0 355.88 21269673.7502936 3448652.28555226 4 0 0 0 
1 120.5851947 31.1368056 0 355.9 21269673.7411288 3448652.74073206 4 0 0 0 
1 120.5851945 31.1368084 0 355.9 21269673.7288197 3448653.05171849 4 0 0 0 
1 120.5851941 31.1368126 0 355.89 21269673.7008153 3448653.51840618 4 0 0 0 
1 120.5851939 31.1368153 0 355.9 21269673.6882644 3448653.81830081 4 0 0 0 
1 120.5851934 31.1368195 0 355.94 21269673.6507192 3448654.28519655 4 0 0 0 
1 120.5851931 31.1368229 0 355.95 21269673.6303206 3448654.66294182 4 0 0 0 
1 120.5851929 31.1368263 0 355.94 21269673.6194627 3448655.04047904 4 0 0 0 
1 120.5851926 31.136829 0 355.95 21269673.597371 3448655.34058172 4 0 0 0 
1 120.5851923 31.1368329 0 355.96 21269673.5781818 3448655.77378597 4 0 0 0 
1 120.585192 31.1368361 0 355.97 21269673.5572995 3448656.12934764 4 0 0 0 
1 120.5851918 31.1368393 0 355.97 21269673.5459578 3448656.48470126 4 0 0 0 
1 120.5851916 31.1368419 0 355.97 21269673.533165 3448656.7735041 4 0 0 0 
1 120.5851915 31.1368456 0 355.98 21269673.5325735 3448657.18410867 4 0 0 0 
1 120.5851912 31.1368487 0 355.98 21269673.5114493 3448657.52857854 4 0 0 0 
1 120.585191 31.1368518 0 355.97 21269673.4998658 3448657.87284037 4 0 0 0 
1 120.5851907 31.1368548 0 355.98 21269673.4865893 3448658.13945961 4 0 0 0 
1 120.5851904 31.1368578 0 355.98 21269673.4571337 3448658.53959652 4 0 0 0 
1 120.5851902 31.1368608 0 355.97 21269673.4453083 3448658.87276655 4 0 0 0 
1 120.5851901 31.1368639 0 355.98 21269673.4432656 3448659.21682033 4 0 0 0 
1 120.5851899 31.1368663 0 356 21269673.4299891 3448659.48343957 4 0 0 0 
1 120.5851896 31.1368697 0 356.04 21269673.4095905 3448659.86118484 4 0 0 0 
1 120.5851894 31.1368721 0 356.02 21269673.3963139 3448660.12780408 4 0 0 0 
1 120.5851891 31.1368756 0 356.03 21269673.3761572 3448660.51664115 4 0 0 0 
1 120.5851888 31.1368787 0 356.03 21269673.355033 3448660.86111103 4 0 0 0 
1 120.5851883 31.1368818 0 356 21269673.3148274 3448661.205997 4 0 0 0 
1 120.5851881 31.1368844 0 355.99 21269673.3020346 3448661.49479984 4 0 0 0 
1 120.5851879 31.1368883 0 355.99 21269673.2923861 3448661.92779605 4 0 0 0 
1 120.5851877 31.136891 0 355.97 21269673.2798352 3448662.22769069 4 0 0 0 
1 120.5851874 31.1368951 0 355.96 21269673.2611298 3448662.68307855 4 0 0 0 
1 120.5851871 31.1368984 0 355.94 21269673.2404893 3448663.04973202 4 0 0 0 
1 120.5851867 31.136902 0 355.92 21269673.2110338 3448663.44986894 4 0 0 0 
1 120.5851864 31.1369047 0 355.91 21269673.1889422 3448663.74997162 4 0 0 0 
1 120.585186 31.1369089 0 355.9 21269673.1609379 3448664.21665933 4 0 0 0 
1 120.5851857 31.1369116 0 355.86 21269673.1388462 3448664.51676202 4 0 0 0 
1 120.5851854 31.1369158 0 355.88 21269673.1203827 3448664.98324167 4 0 0 0 
1 120.5851851 31.1369186 0 355.87 21269673.0985329 3448665.29443616 4 0 0 0 
1 120.5851848 31.1369228 0 355.84 21269673.0800693 3448665.76091582 4 0 0 0 
1 120.5851845 31.1369263 0 355.83 21269673.0599127 3448666.14975289 4 0 0 0 
1 120.5851843 31.1369297 0 355.86 21269673.0490549 3448666.52729011 4 0 0 0 
1 120.5851841 31.1369332 0 355.81 21269673.038439 3448666.91591914 4 0 0 0 
1 120.5851837 31.1369368 0 355.8 21269673.0089835 3448667.31605606 4 0 0 0 
1 120.5851835 31.1369402 0 355.81 21269672.9981257 3448667.69359328 4 0 0 0 
1 120.5851832 31.1369436 0 355.78 21269672.9777272 3448668.07133856 4 0 0 0 
1 120.585183 31.1369463 0 355.75 21269672.9651763 3448668.3712332 4 0 0 0 
1 120.5851826 31.1369505 0 355.71 21269672.937172 3448668.83792091 4 0 0 0 
1 120.5851823 31.1369533 0 355.69 21269672.9153223 3448669.1491154 4 0 0 0 
1 120.585182 31.1369576 0 355.65 21269672.8971006 3448669.62668686 4 0 0 0 
1 120.5851818 31.1369605 0 355.62 21269672.8850335 3448669.9487651 4 0 0 0 
1 120.5851814 31.1369648 0 355.57 21269672.8572711 3448670.42654461 4 0 0 0 
1 120.5851811 31.1369683 0 355.52 21269672.8371145 3448670.81538168 4 0 0 0 
1 120.5851808 31.1369719 0 355.49 21269672.8171997 3448671.21531056 4 0 0 0 
1 120.5851805 31.1369748 0 355.47 21269672.7955919 3448671.53759685 4 0 0 0 
1 120.5851801 31.1369791 0 355.44 21269672.7678295 3448672.01537636 4 0 0 0 
1 120.5851799 31.136982 0 355.41 21269672.7557624 3448672.3374546 4 0 0 0 
1 120.5851794 31.1369864 0 355.37 21269672.7187012 3448672.82653396 4 0 0 0 
1 120.5851791 31.1369894 0 355.34 21269672.6973353 3448673.15991204 4 0 0 0 
1 120.5851787 31.1369937 0 355.29 21269672.6695729 3448673.63769156 4 0 0 0 
1 120.5851784 31.1369967 0 355.24 21269672.648207 3448673.97106964 4 0 0 0 
1 120.5851779 31.1370011 0 355.14 21269672.6111458 3448674.46014901 4 0 0 0 
1 120.5851776 31.1370048 0 355.07 21269672.591473 3448674.87116968 4 0 0 0 
1 120.5851771 31.1370085 0 355 21269672.5527187 3448675.28260646 4 0 0 0 
1 120.5851768 31.1370122 0 354.93 21269672.5330459 3448675.69362713 4 0 0 0 
1 120.5851762 31.137016 0 354.86 21269672.4849928 3448676.11636376 4 0 0 0 
1 120.5851758 31.137019 0 354.83 21269672.4540861 3448676.4499499 4 0 0 0 
1 120.5851753 31.1370236 0 354.78 21269672.4175087 3448676.96121286 4 0 0 0 
1 120.585175 31.1370267 0 354.75 21269672.3963847 3448677.30568275 4 0 0 0 
1 120.5851745 31.1370315 0 354.71 21269672.360291 3448677.8391293 4 0 0 0 
1 120.585174 31.1370354 0 354.7 21269672.3220205 3448678.27274968 4 0 0 0 
1 120.5851736 31.1370393 0 354.69 21269672.2932908 3448678.706162 4 0 0 0 
1 120.5851732 31.1370425 0 354.68 21269672.2628679 3448679.06193174 4 0 0 0 
1 120.5851728 31.1370473 0 354.68 21269672.236315 3448679.59517025 4 0 0 0 
1 120.5851724 31.1370505 0 354.68 21269672.2058921 3448679.95093999 4 0 0 0 
1 120.5851719 31.1370553 0 354.69 21269672.1697985 3448680.48438655 4 0 0 0 
1 120.5851715 31.1370593 0 354.69 21269672.1413106 3448680.92889068 4 0 0 0 
1 120.585171 31.1370634 0 354.69 21269672.1035239 3448681.38469466 4 0 0 0 
1 120.5851707 31.1370666 0 354.69 21269672.0826418 3448681.74025635 4 0 0 0 
1 120.5851702 31.1370716 0 354.72 21269672.047032 3448682.29588651 4 0 0 0 
1 120.5851698 31.1370757 0 354.75 21269672.018786 3448682.75148243 4 0 0 0 
1 120.5851693 31.1370799 0 354.76 21269671.9812412 3448683.21837821 4 0 0 0 
1 120.5851689 31.137084 0 354.78 21269671.9529952 3448683.67397414 4 0 0 0 
1 120.5851684 31.1370881 0 354.79 21269671.9152085 3448684.12977812 4 0 0 0 
1 120.5851679 31.1370923 0 354.81 21269671.8776637 3448684.59667389 4 0 0 0 
1 120.5851674 31.1370965 0 354.83 21269671.8401189 3448685.06356967 4 0 0 0 
1 120.5851671 31.1370998 0 354.84 21269671.8194787 3448685.43022316 4 0 0 0 
1 120.5851665 31.1371048 0 354.86 21269671.7743282 3448685.98606138 4 0 0 0 
1 120.5851662 31.1371082 0 354.87 21269671.7539298 3448686.36380667 4 0 0 0 
1 120.5851656 31.1371133 0 354.91 21269671.7090212 3448686.93073669 4 0 0 0 
1 120.5851652 31.1371175 0 354.93 21269671.6810171 3448687.39742442 4 0 0 0 
1 120.5851648 31.1371217 0 354.95 21269671.6530131 3448687.86411215 4 0 0 0 
1 120.5851645 31.1371251 0 354.96 21269671.6326147 3448688.24185744 4 0 0 0 
1 120.5851639 31.1371301 0 354.99 21269671.5874643 3448688.79769566 4 0 0 0 
1 120.5851636 31.1371335 0 355 21269671.5670659 3448689.17544096 4 0 0 0 
1 120.585163 31.1371386 0 355.02 21269671.5221574 3448689.74237098 4 0 0 0 
1 120.5851627 31.137142 0 355.04 21269671.501759 3448690.12011627 4 0 0 0 
1 120.5851621 31.137147 0 355.06 21269671.4566086 3448690.67595449 4 0 0 0 
1 120.5851617 31.1371512 0 355.07 21269671.4286046 3448691.14264223 4 0 0 0 
1 120.5851613 31.1371554 0 355.1 21269671.4006006 3448691.60932997 4 0 0 0 
1 120.585161 31.1371588 0 355.11 21269671.3802023 3448691.98707526 4 0 0 0 
1 120.5851605 31.1371638 0 355.13 21269671.3445926 3448692.54270544 4 0 0 0 
1 120.5851601 31.1371671 0 355.14 21269671.3144117 3448692.90956699 4 0 0 0 
1 120.5851596 31.1371721 0 355.17 21269671.278802 3448693.46519716 4 0 0 0 
1 120.5851592 31.1371754 0 355.17 21269671.2486211 3448693.83205872 4 0 0 0 
1 120.5851588 31.1371805 0 355.19 21269671.222794 3448694.39857264 4 0 0 0 
1 120.5851584 31.1371846 0 355.2 21269671.1945481 3448694.85416858 4 0 0 0 
1 120.5851579 31.1371888 0 355.21 21269671.1570035 3448695.32106437 4 0 0 0 
1 120.5851576 31.1371921 0 355.22 21269671.1363633 3448695.68771787 4 0 0 0 
1 120.5851571 31.1371971 0 355.24 21269671.1007536 3448696.24334805 4 0 0 0 
1 120.5851568 31.1372005 0 355.25 21269671.0803553 3448696.62109335 4 0 0 0 
1 120.5851563 31.1372055 0 355.24 21269671.0447457 3448697.17672353 4 0 0 0 
1 120.5851559 31.1372098 0 355.23 21269671.0169836 3448697.65450307 4 0 0 0 
1 120.5851555 31.137214 0 355.21 21269670.9889797 3448698.12119082 4 0 0 0 
1 120.585155 31.1372182 0 355.18 21269670.951435 3448698.58808661 4 0 0 0 
1 120.5851546 31.1372225 0 355.14 21269670.923673 3448699.06586615 4 0 0 0 
1 120.5851542 31.1372267 0 355.12 21269670.895669 3448699.53255389 4 0 0 0 
1 120.5851538 31.1372309 0 355.1 21269670.8676651 3448699.99924164 4 0 0 0 
1 120.5851535 31.1372343 0 355.07 21269670.8472668 3448700.37698695 4 0 0 0 
1 120.5851529 31.1372394 0 354.98 21269670.8023584 3448700.94391698 4 0 0 0 
1 120.5851526 31.1372428 0 354.94 21269670.7819602 3448701.32166229 4 0 0 0 
1 120.5851521 31.137248 0 354.88 21269670.7468343 3448701.89947607 4 0 0 0 
1 120.5851517 31.1372523 0 354.84 21269670.7190723 3448702.37725562 4 0 0 0 
1 120.5851513 31.1372566 0 354.84 21269670.6913103 3448702.85503516 4 0 0 0 
1 120.5851508 31.1372609 0 354.82 21269670.6540076 3448703.33302276 4 0 0 0 
1 120.5851502 31.1372653 0 354.76 21269670.607406 3448703.82231021 4 0 0 0 
1 120.5851499 31.1372688 0 354.73 21269670.5872497 3448704.21114732 4 0 0 0 
1 120.5851493 31.1372739 0 354.68 21269670.5423413 3448704.77807736 4 0 0 0 
1 120.5851489 31.1372783 0 354.64 21269670.5148212 3448705.26694871 4 0 0 0 
1 120.5851484 31.1372826 0 354.6 21269670.4775185 3448705.74493631 4 0 0 0 
1 120.5851479 31.1372869 0 354.55 21269670.4402158 3448706.22292391 4 0 0 0 
1 120.5851475 31.1372905 0 354.52 21269670.4107607 3448706.62306088 4 0 0 0 
1 120.585147 31.1372948 0 354.49 21269670.373458 3448707.10104848 4 0 0 0 
1 120.5851465 31.1373 0 354.45 21269670.3383323 3448707.67886227 4 0 0 0 
1 120.585146 31.1373044 0 354.41 21269670.3012715 3448708.16794168 4 0 0 0 
1 120.5851455 31.1373088 0 354.4 21269670.2642107 3448708.65702108 4 0 0 0 
1 120.5851451 31.1373123 0 354.39 21269670.2345137 3448709.04606625 4 0 0 0 
1 120.5851445 31.1373175 0 354.42 21269670.1898473 3448709.62408809 4 0 0 0 
1 120.585144 31.1373219 0 354.46 21269670.1527865 3448710.1131675 4 0 0 0 
1 120.5851436 31.1373262 0 354.51 21269670.1250246 3448710.59094706 4 0 0 0 
1 120.5851432 31.1373306 0 354.53 21269670.0975045 3448711.07981841 4 0 0 0 
1 120.5851427 31.1373349 0 354.56 21269670.0602019 3448711.55780602 4 0 0 0 
1 120.5851422 31.1373393 0 354.58 21269670.0231412 3448712.04688543 4 0 0 0 
1 120.5851418 31.1373437 0 354.6 21269669.9956211 3448712.53575679 4 0 0 0 
1 120.5851413 31.137348 0 354.63 21269669.9583185 3448713.0137444 4 0 0 0 
1 120.5851408 31.1373524 0 354.64 21269669.9212578 3448713.50282381 4 0 0 0 
1 120.5851404 31.1373559 0 354.66 21269669.8915609 3448713.89186898 4 0 0 0 
1 120.5851398 31.1373611 0 354.68 21269669.8468945 3448714.46989084 4 0 0 0 
1 120.5851394 31.1373646 0 354.7 21269669.8171976 3448714.85893601 4 0 0 0 
1 120.5851388 31.1373698 0 354.73 21269669.7725312 3448715.43695786 4 0 0 0 
1 120.5851385 31.1373732 0 354.75 21269669.7521331 3448715.81470318 4 0 0 0 
1 120.5851379 31.1373785 0 354.78 21269669.7077087 3448716.40381684 4 0 0 0 
1 120.5851375 31.137382 0 354.8 21269669.6780118 3448716.79286201 4 0 0 0 
1 120.585137 31.1373871 0 354.86 21269669.6426442 3448717.35958402 4 0 0 0 
1 120.5851366 31.1373915 0 354.89 21269669.6151243 3448717.84845538 4 0 0 0 
1 120.5851361 31.1373959 0 354.91 21269669.5780636 3448718.3375348 4 0 0 0 
1 120.5851357 31.1374002 0 354.93 21269669.5503017 3448718.81531437 4 0 0 0 
1 120.5851353 31.1374046 0 354.96 21269669.5227818 3448719.30418573 4 0 0 0 
1 120.5851348 31.137409 0 354.99 21269669.4857211 3448719.79326515 4 0 0 0 
1 120.5851343 31.1374133 0 355.02 21269669.4484186 3448720.27125277 4 0 0 0 
1 120.585134 31.1374168 0 355.04 21269669.4282624 3448720.66008989 4 0 0 0 
1 120.5851335 31.137422 0 355.07 21269669.3931368 3448721.2379037 4 0 0 0 
1 120.585133 31.1374264 0 355.1 21269669.3560762 3448721.72698313 4 0 0 0 
1 120.5851326 31.1374307 0 355.13 21269669.3283143 3448722.2047627 4 0 0 0 
1 120.5851323 31.1374342 0 355.15 21269669.3081581 3448722.59359982 4 0 0 0 
1 120.5851318 31.1374394 0 355.17 21269669.2730326 3448723.17141363 4 0 0 0 
1 120.5851314 31.1374429 0 355.2 21269669.2433357 3448723.56045881 4 0 0 0 
1 120.5851309 31.1374482 0 355.22 21269669.2084521 3448724.14936443 4 0 0 0 
1 120.5851305 31.1374525 0 355.24 21269669.1806903 3448724.627144 4 0 0 0 
1 120.58513 31.1374569 0 355.25 21269669.1436297 3448725.11622343 4 0 0 0 
1 120.5851296 31.1374613 0 355.26 21269669.1161098 3448725.6050948 4 0 0 0 
1 120.5851292 31.1374656 0 355.29 21269669.088348 3448726.08287437 4 0 0 0 
1 120.5851289 31.1374691 0 355.3 21269669.0681918 3448726.4717115 4 0 0 0 
1 120.5851285 31.1374742 0 355.32 21269669.0423651 3448727.03822546 4 0 0 0 
1 120.5851282 31.1374777 0 355.32 21269669.0222089 3448727.42706259 4 0 0 0 
1 120.5851276 31.1374829 0 355.33 21269668.9775428 3448728.00508447 4 0 0 0 
1 120.5851273 31.1374864 0 355.35 21269668.9573866 3448728.3939216 4 0 0 0 
1 120.5851268 31.1374916 0 355.36 21269668.9222611 3448728.97173542 4 0 0 0 
1 120.5851265 31.1374951 0 355.36 21269668.902105 3448729.36057255 4 0 0 0 
1 120.5851259 31.1375003 0 355.37 21269668.8574388 3448729.93859443 4 0 0 0 
1 120.5851256 31.1375037 0 355.38 21269668.8370408 3448730.31633976 4 0 0 0 
1 120.5851251 31.1375089 0 355.4 21269668.8019153 3448730.89415359 4 0 0 0 
1 120.5851247 31.1375133 0 355.41 21269668.7743955 3448731.38302496 4 0 0 0 
1 120.5851243 31.1375177 0 355.41 21269668.7468756 3448731.87189634 4 0 0 0 
1 120.5851239 31.137522 0 355.42 21269668.7191139 3448732.34967592 4 0 0 0 
1 120.5851235 31.1375264 0 355.43 21269668.6915941 3448732.8385473 4 0 0 0 
1 120.5851231 31.1375308 0 355.44 21269668.6640743 3448733.32741868 4 0 0 0 
1 120.5851227 31.1375351 0 355.45 21269668.6363125 3448733.80519827 4 0 0 0 
1 120.5851223 31.1375395 0 355.47 21269668.6087927 3448734.29406965 4 0 0 0 
1 120.5851218 31.1375438 0 355.48 21269668.5714904 3448734.77205728 4 0 0 0 
1 120.5851215 31.1375473 0 355.49 21269668.5513343 3448735.16089442 4 0 0 0 
1 120.585121 31.1375525 0 355.49 21269668.5162089 3448735.73870825 4 0 0 0 
1 120.5851207 31.137556 0 355.5 21269668.4960528 3448736.12754539 4 0 0 0 
1 120.5851201 31.1375612 0 355.52 21269668.4513867 3448736.70556728 4 0 0 0 
1 120.5851198 31.1375646 0 355.56 21269668.4309888 3448737.08331261 4 0 0 0 
1 120.5851194 31.1375698 0 355.64 21269668.405404 3448737.66091839 4 0 0 0 
1 120.585119 31.1375742 0 355.68 21269668.3778842 3448738.14978978 4 0 0 0 
1 120.5851186 31.1375786 0 355.7 21269668.3503645 3448738.63866116 4 0 0 0 
1 120.5851183 31.1375821 0 355.7 21269668.3302084 3448739.0274983 4 0 0 0 
1 120.5851178 31.1375872 0 355.7 21269668.2948412 3448739.59422034 4 0 0 0 
1 120.5851175 31.1375907 0 355.71 21269668.2746851 3448739.98305748 4 0 0 0 
1 120.5851171 31.1375959 0 355.72 21269668.2491004 3448740.56066326 4 0 0 0 
1 120.5851167 31.1376002 0 355.72 21269668.2213388 3448741.03844285 4 0 0 0 
1 120.5851163 31.1376046 0 355.72 21269668.193819 3448741.52731424 4 0 0 0 
1 120.5851159 31.137609 0 355.73 21269668.1662993 3448742.01618563 4 0 0 0 
1 120.5851156 31.1376134 0 355.73 21269668.1483202 3448742.50484896 4 0 0 0 
1 120.5851152 31.1376177 0 355.74 21269668.1205586 3448742.98262856 4 0 0 0 
1 120.5851148 31.1376221 0 355.75 21269668.0930388 3448743.47149995 4 0 0 0 
1 120.5851145 31.1376256 0 355.76 21269668.0728828 3448743.86033709 4 0 0 0 
1 120.5851141 31.1376308 0 355.76 21269668.0472982 3448744.43794288 4 0 0 0 
1 120.5851138 31.1376343 0 355.75 21269668.0271421 3448744.82678002 4 0 0 0 
1 120.5851133 31.1376395 0 355.74 21269667.9920168 3448745.40459386 4 0 0 0 
1 120.585113 31.137643 0 355.72 21269667.9718608 3448745.79343101 4 0 0 0 
1 120.5851126 31.1376482 0 355.7 21269667.9462762 3448746.3710368 4 0 0 0 
1 120.5851122 31.1376526 0 355.67 21269667.9187565 3448746.85990819 4 0 0 0 
1 120.5851118 31.1376569 0 355.65 21269667.8909949 3448747.33768779 4 0 0 0 
1 120.5851115 31.1376604 0 355.64 21269667.8708389 3448747.72652494 4 0 0 0 
1 120.585111 31.1376656 0 355.62 21269667.8357137 3448748.30433878 4 0 0 0 
1 120.5851107 31.1376691 0 355.61 21269667.8155577 3448748.69317593 4 0 0 0 
1 120.5851103 31.1376743 0 355.62 21269667.7899731 3448749.27078172 4 0 0 0 
1 120.58511 31.1376778 0 355.62 21269667.7698171 3448749.65961887 4 0 0 0 
1 120.5851095 31.137683 0 355.63 21269667.7346919 3448750.23743272 4 0 0 0 
1 120.5851092 31.1376865 0 355.63 21269667.7145359 3448750.62626987 4 0 0 0 
1 120.5851087 31.1376917 0 355.63 21269667.6794107 3448751.20408372 4 0 0 0 
1 120.5851084 31.1376951 0 355.63 21269667.6590128 3448751.58182907 4 0 0 0 
1 120.585108 31.1377003 0 355.65 21269667.6334282 3448752.15943487 4 0 0 0 
1 120.5851077 31.1377046 0 355.66 21269667.6152074 3448752.63700641 4 0 0 0 
1 120.5851073 31.137709 0 355.66 21269667.5876877 3448753.12587781 4 0 0 0 
1 120.5851069 31.1377133 0 355.66 21269667.5599262 3448753.60365742 4 0 0 0 
1 120.5851065 31.1377177 0 355.66 21269667.5324066 3448754.09252882 4 0 0 0 
1 120.5851062 31.1377211 0 355.67 21269667.5120087 3448754.47027417 4 0 0 0 
1 120.5851057 31.1377264 0 355.67 21269667.4771255 3448755.05917983 4 0 0 0 
1 120.5851054 31.1377298 0 355.67 21269667.4567276 3448755.43692518 4 0 0 0 
1 120.585105 31.137735 0 355.67 21269667.4311431 3448756.01453098 4 0 0 0 
1 120.5851047 31.1377385 0 355.68 21269667.4109872 3448756.40336814 4 0 0 0 
1 120.5851042 31.1377437 0 355.68 21269667.375862 3448756.981182 4 0 0 0 
1 120.5851039 31.1377481 0 355.68 21269667.3578831 3448757.46984534 4 0 0 0 
1 120.5851035 31.1377525 0 355.68 21269667.3303635 3448757.95871675 4 0 0 0 
1 120.5851031 31.1377568 0 355.68 21269667.302602 3448758.43649636 4 0 0 0 
1 120.5851027 31.1377611 0 355.69 21269667.2748405 3448758.91427597 4 0 0 0 
1 120.5851023 31.1377655 0 355.69 21269667.247321 3448759.40314738 4 0 0 0 
1 120.5851019 31.1377698 0 355.69 21269667.2195595 3448759.88092699 4 0 0 0 
1 120.5851016 31.1377732 0 355.69 21269667.1991617 3448760.25867235 4 0 0 0 
1 120.5851012 31.1377784 0 355.69 21269667.1735773 3448760.83627815 4 0 0 0 
1 120.5851008 31.1377828 0 355.7 21269667.1460577 3448761.32514956 4 0 0 0 
1 120.5851004 31.137787 0 355.7 21269667.1180544 3448761.79183738 4 0 0 0 
1 120.5851001 31.1377905 0 355.7 21269667.0978985 3448762.18067453 4 0 0 0 
1 120.5850996 31.1377957 0 355.69 21269667.0627734 3448762.7584884 4 0 0 0 
1 120.5850992 31.1378 0 355.7 21269667.035012 3448763.23626802 4 0 0 0 
1 120.5850989 31.1378043 0 355.71 21269667.0167912 3448763.71383957 4 0 0 0 
1 120.5850986 31.1378078 0 355.71 21269666.9966353 3448764.10267673 4 0 0 0 
1 120.5850982 31.137813 0 355.72 21269666.9710509 3448764.68028254 4 0 0 0 
1 120.5850978 31.1378174 0 355.72 21269666.9435314 3448765.16915396 4 0 0 0 
1 120.5850974 31.1378216 0 355.71 21269666.9155281 3448765.63584178 4 0 0 0 
1 120.5850971 31.1378251 0 355.7 21269666.8953722 3448766.02467894 4 0 0 0 
1 120.5850967 31.1378303 0 355.69 21269666.8697878 3448766.60228475 4 0 0 0 
1 120.5850964 31.1378338 0 355.69 21269666.849632 3448766.99112191 4 0 0 0 
1 120.5850959 31.1378389 0 355.7 21269666.8142651 3448767.55784399 4 0 0 0 
1 120.5850956 31.1378424 0 355.71 21269666.7941092 3448767.94668115 4 0 0 0 
1 120.5850952 31.1378475 0 355.72 21269666.7682829 3448768.51319517 4 0 0 0 
1 120.5850949 31.137851 0 355.72 21269666.7481271 3448768.90203233 4 0 0 0 
1 120.5850944 31.1378562 0 355.72 21269666.7130021 3448769.47984621 4 0 0 0 
1 120.5850941 31.1378597 0 355.72 21269666.6928463 3448769.86868337 4 0 0 0 
1 120.5850936 31.1378649 0 355.71 21269666.6577213 3448770.44649725 4 0 0 0 
1 120.5850933 31.1378693 0 355.71 21269666.6397424 3448770.93516061 4 0 0 0 
1 120.5850929 31.1378735 0 355.71 21269666.6117392 3448771.40184844 4 0 0 0 
1 120.5850926 31.137877 0 355.71 21269666.5915834 3448771.7906856 4 0 0 0 
1 120.5850921 31.1378822 0 355.72 21269666.5564584 3448772.36849948 4 0 0 0 
1 120.5850918 31.1378857 0 355.71 21269666.5363026 3448772.75733665 4 0 0 0 
1 120.5850914 31.1378909 0 355.7 21269666.5107183 3448773.33494247 4 0 0 0 
1 120.5850911 31.1378943 0 355.7 21269666.4903206 3448773.71268784 4 0 0 0 
1 120.5850906 31.1378995 0 355.7 21269666.4551957 3448774.29050172 4 0 0 0 
1 120.5850903 31.1379029 0 355.69 21269666.434798 3448774.66824709 4 0 0 0 
1 120.5850898 31.1379081 0 355.68 21269666.399673 3448775.24606098 4 0 0 0 
1 120.5850894 31.1379124 0 355.68 21269666.3719117 3448775.7238406 4 0 0 0 
1 120.5850891 31.1379168 0 355.69 21269666.353933 3448776.21250397 4 0 0 0 
1 120.5850887 31.1379211 0 355.69 21269666.3261717 3448776.6902836 4 0 0 0 
1 120.5850884 31.1379254 0 355.68 21269666.307951 3448777.16785517 4 0 0 0 
1 120.585088 31.1379297 0 355.67 21269666.2801897 3448777.6456348 4 0 0 0 
1 120.5850876 31.1379339 0 355.66 21269666.2521865 3448778.11232263 4 0 0 0 
1 120.5850873 31.1379374 0 355.65 21269666.2320308 3448778.5011598 4 0 0 0 
1 120.5850868 31.1379424 0 355.62 21269666.1964221 3448779.05679009 4 0 0 0 
1 120.5850864 31.1379467 0 355.58 21269666.1686608 3448779.53456972 4 0 0 0 
1 120.585086 31.1379509 0 355.57 21269666.1406577 3448780.00125756 4 0 0 0 
1 120.5850856 31.1379543 0 355.55 21269666.1107194 3448780.37921099 4 0 0 0 
1 120.5850852 31.1379595 0 355.54 21269666.0851352 3448780.95681682 4 0 0 0 
1 120.5850848 31.1379638 0 355.52 21269666.057374 3448781.43459646 4 0 0 0 
1 120.5850844 31.1379681 0 355.5 21269666.0296127 3448781.91237609 4 0 0 0 
1 120.585084 31.1379715 0 355.5 21269665.9996745 3448782.29032953 4 0 0 0 
1 120.5850835 31.1379766 0 355.48 21269665.9643077 3448782.85705162 4 0 0 0 
1 120.5850831 31.1379809 0 355.46 21269665.9365465 3448783.33483126 4 0 0 0 
1 120.5850827 31.1379851 0 355.45 21269665.9085434 3448783.8015191 4 0 0 0 
1 120.5850823 31.1379893 0 355.42 21269665.8805403 3448784.26820693 4 0 0 0 
1 120.585082 31.1379934 0 355.41 21269665.8618359 3448784.72359491 4 0 0 0 
1 120.5850817 31.1379968 0 355.4 21269665.8414383 3448785.10134029 4 0 0 0 
1 120.5850812 31.1380018 0 355.37 21269665.8058297 3448785.65697059 4 0 0 0 
1 120.5850809 31.1380052 0 355.35 21269665.7854321 3448786.03471596 4 0 0 0 
1 120.5850804 31.1380102 0 355.32 21269665.7498236 3448786.59034626 4 0 0 0 
1 120.58508 31.1380143 0 355.31 21269665.7215786 3448787.0459423 4 0 0 0 
1 120.5850796 31.1380185 0 355.3 21269665.6935755 3448787.51263015 4 0 0 0 
1 120.5850793 31.1380218 0 355.29 21269665.672936 3448787.87928373 4 0 0 0 
1 120.5850789 31.1380267 0 355.28 21269665.6466262 3448788.42361417 4 0 0 0 
1 120.5850786 31.13803 0 355.29 21269665.6259868 3448788.79026775 4 0 0 0 
1 120.5850781 31.138035 0 355.3 21269665.5903782 3448789.34589805 4 0 0 0 
1 120.5850778 31.1380383 0 355.29 21269665.5697387 3448789.71255164 4 0 0 0 
1 120.5850773 31.1380432 0 355.3 21269665.5338883 3448790.25709014 4 0 0 0 
1 120.585077 31.1380465 0 355.3 21269665.5132489 3448790.62374372 4 0 0 0 
1 120.5850766 31.1380513 0 355.3 21269665.4866972 3448791.15698237 4 0 0 0 
1 120.5850763 31.1380546 0 355.3 21269665.4660577 3448791.52363595 4 0 0 0 
1 120.5850757 31.1380595 0 355.29 21269665.4206667 3448792.06838252 4 0 0 0 
1 120.5850754 31.1380627 0 355.28 21269665.3997854 3448792.42394431 4 0 0 0 
1 120.5850751 31.1380674 0 355.29 21269665.3825324 3448792.94588309 4 0 0 0 
