1 0 0 0 0 1165887.81204802 0 4 0 0 0 
1 120.5849223 31.1370163 0 85.91 21269648.2618455 3448676.67790484 4 0 0 0 
1 120.5849223 31.1370163 0 85.91 21269648.2618455 3448676.67790484 4 0 0 0 
1 120.5849222 31.1370163 0 85.92 21269648.2523048 3448676.67811291 4 0 0 0 
1 120.5849222 31.1370163 0 85.92 21269648.2523048 3448676.67811291 4 0 0 0 
1 120.5849222 31.1370163 0 85.92 21269648.2523048 3448676.67811291 4 0 0 0 
1 120.5849222 31.1370163 0 85.91 21269648.2523048 3448676.67811291 4 0 0 0 
1 120.5849222 31.1370163 0 85.91 21269648.2523048 3448676.67811291 4 0 0 0 
1 120.5849222 31.1370163 0 85.91 21269648.2523048 3448676.67811291 4 0 0 0 
1 120.5849222 31.1370163 0 85.91 21269648.2523048 3448676.67811291 4 0 0 0 
1 120.5849222 31.1370163 0 85.91 21269648.2523048 3448676.67811291 4 0 0 0 
1 120.5849222 31.1370163 0 85.91 21269648.2523048 3448676.67811291 4 0 0 0 
1 120.5849222 31.1370163 0 85.91 21269648.2523048 3448676.67811291 4 0 0 0 
1 120.5849222 31.1370163 0 85.91 21269648.2523048 3448676.67811291 4 0 0 0 
1 120.5849222 31.1370163 0 85.91 21269648.2523048 3448676.67811291 4 0 0 0 
1 120.5849221 31.1370163 0 85.91 21269648.2427641 3448676.67832098 4 0 0 0 
1 120.5849221 31.1370163 0 85.91 21269648.2427641 3448676.67832098 4 0 0 0 
1 120.5849221 31.1370163 0 85.91 21269648.2427641 3448676.67832098 4 0 0 0 
1 120.5849221 31.1370163 0 85.91 21269648.2427641 3448676.67832098 4 0 0 0 
1 120.5849221 31.1370163 0 85.91 21269648.2427641 3448676.67832098 4 0 0 0 
1 120.5849221 31.1370163 0 85.91 21269648.2427641 3448676.67832098 4 0 0 0 
1 120.5849221 31.1370163 0 85.91 21269648.2427641 3448676.67832098 4 0 0 0 
1 120.5849221 31.1370163 0 85.91 21269648.2427641 3448676.67832098 4 0 0 0 
1 120.5849221 31.1370163 0 85.91 21269648.2427641 3448676.67832098 4 0 0 0 
1 120.5849221 31.1370163 0 85.91 21269648.2427641 3448676.67832098 4 0 0 0 
1 120.584922 31.1370163 0 85.91 21269648.2332233 3448676.67852905 4 0 0 0 
1 120.584922 31.1370163 0 85.91 21269648.2332233 3448676.67852905 4 0 0 0 
1 120.584922 31.1370163 0 85.91 21269648.2332233 3448676.67852905 4 0 0 0 
1 120.5849219 31.1370163 0 85.91 21269648.2236826 3448676.67873713 4 0 0 0 
1 120.5849219 31.1370163 0 85.91 21269648.2236826 3448676.67873713 4 0 0 0 
1 120.5849219 31.1370163 0 85.91 21269648.2236826 3448676.67873713 4 0 0 0 
1 120.5849219 31.1370163 0 85.91 21269648.2236826 3448676.67873713 4 0 0 0 
1 120.5849219 31.1370163 0 85.91 21269648.2236826 3448676.67873713 4 0 0 0 
1 120.5849219 31.1370163 0 85.91 21269648.2236826 3448676.67873713 4 0 0 0 
1 120.5849219 31.1370163 0 85.91 21269648.2236826 3448676.67873713 4 0 0 0 
1 120.5849219 31.1370163 0 85.91 21269648.2236826 3448676.67873713 4 0 0 0 
1 120.5849219 31.1370163 0 85.91 21269648.2236826 3448676.67873713 4 0 0 0 
1 120.5849219 31.1370163 0 85.91 21269648.2236826 3448676.67873713 4 0 0 0 
1 120.5849219 31.1370163 0 85.9 21269648.2236826 3448676.67873713 4 0 0 0 
1 120.5849219 31.1370163 0 85.9 21269648.2236826 3448676.67873713 4 0 0 0 
1 120.5849219 31.1370163 0 85.9 21269648.2236826 3448676.67873713 4 0 0 0 
1 120.5849219 31.1370163 0 85.9 21269648.2236826 3448676.67873713 4 0 0 0 
1 120.5849219 31.1370163 0 85.91 21269648.2236826 3448676.67873713 4 0 0 0 
1 120.5849219 31.1370163 0 85.91 21269648.2236826 3448676.67873713 4 0 0 0 
1 120.5849219 31.1370163 0 85.91 21269648.2236826 3448676.67873713 4 0 0 0 
1 120.5849219 31.1370163 0 85.91 21269648.2236826 3448676.67873713 4 0 0 0 
1 120.5849219 31.1370163 0 85.91 21269648.2236826 3448676.67873713 4 0 0 0 
1 120.5849219 31.1370163 0 85.91 21269648.2236826 3448676.67873713 4 0 0 0 
1 120.5849219 31.1370163 0 85.91 21269648.2236826 3448676.67873713 4 0 0 0 
1 120.5849219 31.1370163 0 85.91 21269648.2236826 3448676.67873713 4 0 0 0 
1 120.5849219 31.1370163 0 85.91 21269648.2236826 3448676.67873713 4 0 0 0 
1 120.5849219 31.1370163 0 85.92 21269648.2236826 3448676.67873713 4 0 0 0 
1 120.5849219 31.1370163 0 85.91 21269648.2236826 3448676.67873713 4 0 0 0 
1 120.5849219 31.1370163 0 85.91 21269648.2236826 3448676.67873713 4 0 0 0 
1 120.5849219 31.1370163 0 85.91 21269648.2236826 3448676.67873713 4 0 0 0 
1 120.5849219 31.1370163 0 85.91 21269648.2236826 3448676.67873713 4 0 0 0 
1 120.5849219 31.1370163 0 85.9 21269648.2236826 3448676.67873713 4 0 0 0 
1 120.5849219 31.1370163 0 85.9 21269648.2236826 3448676.67873713 4 0 0 0 
1 120.5849219 31.1370163 0 85.9 21269648.2236826 3448676.67873713 4 0 0 0 
1 120.5849219 31.1370163 0 85.9 21269648.2236826 3448676.67873713 4 0 0 0 
1 120.5849219 31.1370163 0 85.91 21269648.2236826 3448676.67873713 4 0 0 0 
1 120.5849219 31.1370163 0 85.91 21269648.2236826 3448676.67873713 4 0 0 0 
1 120.5849219 31.1370163 0 85.91 21269648.2236826 3448676.67873713 4 0 0 0 
1 120.5849219 31.1370163 0 85.91 21269648.2236826 3448676.67873713 4 0 0 0 
1 120.5849219 31.1370163 0 85.91 21269648.2236826 3448676.67873713 4 0 0 0 
1 120.5849219 31.1370163 0 85.91 21269648.2236826 3448676.67873713 4 0 0 0 
1 120.5849219 31.1370163 0 85.9 21269648.2236826 3448676.67873713 4 0 0 0 
1 120.5849219 31.1370163 0 85.9 21269648.2236826 3448676.67873713 4 0 0 0 
1 120.584922 31.1370163 0 85.91 21269648.2332233 3448676.67852905 4 0 0 0 
1 120.5849221 31.1370163 0 85.91 21269648.2427641 3448676.67832098 4 0 0 0 
1 120.5849223 31.1370163 0 85.91 21269648.2618455 3448676.67790484 4 0 0 0 
1 120.5849226 31.1370163 0 85.91 21269648.2904676 3448676.67728063 4 0 0 0 
1 120.5849228 31.1370163 0 85.91 21269648.3095491 3448676.67686448 4 0 0 0 
