1 0 0 0 0 1165887.81204802 0 4 0 0 0 
1 120.585111 31.1373185 0 174.99 21269666.9961371 3448709.80470448 4 0 0 0 
1 120.585111 31.1373185 0 174.99 21269666.9961371 3448709.80470448 4 0 0 0 
1 120.585111 31.1373185 0 174.99 21269666.9961371 3448709.80470448 4 0 0 0 
1 120.585111 31.1373185 0 174.99 21269666.9961371 3448709.80470448 4 0 0 0 
1 120.585111 31.1373185 0 174.99 21269666.9961371 3448709.80470448 4 0 0 0 
1 120.585111 31.1373185 0 174.99 21269666.9961371 3448709.80470448 4 0 0 0 
1 120.585111 31.1373185 0 174.98 21269666.9961371 3448709.80470448 4 0 0 0 
1 120.585111 31.1373185 0 174.98 21269666.9961371 3448709.80470448 4 0 0 0 
1 120.585111 31.1373185 0 174.98 21269666.9961371 3448709.80470448 4 0 0 0 
1 120.585111 31.1373185 0 174.98 21269666.9961371 3448709.80470448 4 0 0 0 
1 120.585111 31.1373185 0 174.98 21269666.9961371 3448709.80470448 4 0 0 0 
1 120.585111 31.1373185 0 174.98 21269666.9961371 3448709.80470448 4 0 0 0 
1 120.585111 31.1373185 0 174.98 21269666.9961371 3448709.80470448 4 0 0 0 
1 120.585111 31.1373185 0 174.98 21269666.9961371 3448709.80470448 4 0 0 0 
1 120.585111 31.1373185 0 174.97 21269666.9961371 3448709.80470448 4 0 0 0 
1 120.585111 31.1373185 0 174.98 21269666.9961371 3448709.80470448 4 0 0 0 
1 120.585111 31.1373185 0 174.97 21269666.9961371 3448709.80470448 4 0 0 0 
1 120.585111 31.1373185 0 174.97 21269666.9961371 3448709.80470448 4 0 0 0 
1 120.585111 31.1373185 0 174.97 21269666.9961371 3448709.80470448 4 0 0 0 
1 120.585111 31.1373185 0 174.97 21269666.9961371 3448709.80470448 4 0 0 0 
1 120.585111 31.1373185 0 174.98 21269666.9961371 3448709.80470448 4 0 0 0 
1 120.585111 31.1373185 0 174.98 21269666.9961371 3448709.80470448 4 0 0 0 
1 120.585111 31.1373185 0 174.98 21269666.9961371 3448709.80470448 4 0 0 0 
1 120.585111 31.1373185 0 174.98 21269666.9961371 3448709.80470448 4 0 0 0 
1 120.585111 31.1373185 0 174.98 21269666.9961371 3448709.80470448 4 0 0 0 
1 120.585111 31.1373185 0 174.98 21269666.9961371 3448709.80470448 4 0 0 0 
1 120.585111 31.1373185 0 174.98 21269666.9961371 3448709.80470448 4 0 0 0 
1 120.585111 31.1373185 0 174.98 21269666.9961371 3448709.80470448 4 0 0 0 
1 120.585111 31.1373185 0 174.98 21269666.9961371 3448709.80470448 4 0 0 0 
1 120.585111 31.1373185 0 174.98 21269666.9961371 3448709.80470448 4 0 0 0 
1 120.585111 31.1373185 0 174.98 21269666.9961371 3448709.80470448 4 0 0 0 
1 120.585111 31.1373185 0 174.98 21269666.9961371 3448709.80470448 4 0 0 0 
1 120.585111 31.1373185 0 174.97 21269666.9961371 3448709.80470448 4 0 0 0 
1 120.585111 31.1373185 0 174.98 21269666.9961371 3448709.80470448 4 0 0 0 
1 120.585111 31.1373185 0 174.98 21269666.9961371 3448709.80470448 4 0 0 0 
1 120.585111 31.1373185 0 174.97 21269666.9961371 3448709.80470448 4 0 0 0 
1 120.585111 31.1373185 0 174.97 21269666.9961371 3448709.80470448 4 0 0 0 
1 120.585111 31.1373185 0 174.97 21269666.9961371 3448709.80470448 4 0 0 0 
1 120.585111 31.1373185 0 174.97 21269666.9961371 3448709.80470448 4 0 0 0 
1 120.585111 31.1373185 0 174.97 21269666.9961371 3448709.80470448 4 0 0 0 
1 120.585111 31.1373185 0 174.97 21269666.9961371 3448709.80470448 4 0 0 0 
1 120.585111 31.1373185 0 174.98 21269666.9961371 3448709.80470448 4 0 0 0 
1 120.585111 31.1373185 0 174.98 21269666.9961371 3448709.80470448 4 0 0 0 
1 120.585111 31.1373185 0 174.98 21269666.9961371 3448709.80470448 4 0 0 0 
1 120.585111 31.1373185 0 174.98 21269666.9961371 3448709.80470448 4 0 0 0 
1 120.585111 31.1373185 0 174.98 21269666.9961371 3448709.80470448 4 0 0 0 
1 120.585111 31.1373185 0 174.98 21269666.9961371 3448709.80470448 4 0 0 0 
1 120.585111 31.1373185 0 174.97 21269666.9961371 3448709.80470448 4 0 0 0 
1 120.585111 31.1373185 0 174.97 21269666.9961371 3448709.80470448 4 0 0 0 
1 120.585111 31.1373185 0 174.97 21269666.9961371 3448709.80470448 4 0 0 0 
1 120.585111 31.1373185 0 174.96 21269666.9961371 3448709.80470448 4 0 0 0 
1 120.585111 31.1373185 0 174.96 21269666.9961371 3448709.80470448 4 0 0 0 
1 120.585111 31.1373185 0 174.96 21269666.9961371 3448709.80470448 4 0 0 0 
1 120.585111 31.1373185 0 174.96 21269666.9961371 3448709.80470448 4 0 0 0 
1 120.585111 31.1373185 0 174.96 21269666.9961371 3448709.80470448 4 0 0 0 
1 120.585111 31.1373185 0 174.96 21269666.9961371 3448709.80470448 4 0 0 0 
1 120.585111 31.1373185 0 174.96 21269666.9961371 3448709.80470448 4 0 0 0 
1 120.585111 31.1373185 0 174.96 21269666.9961371 3448709.80470448 4 0 0 0 
1 120.585111 31.1373185 0 174.96 21269666.9961371 3448709.80470448 4 0 0 0 
1 120.585111 31.1373185 0 174.96 21269666.9961371 3448709.80470448 4 0 0 0 
1 120.585111 31.1373185 0 174.97 21269666.9961371 3448709.80470448 4 0 0 0 
1 120.585111 31.1373185 0 174.96 21269666.9961371 3448709.80470448 4 0 0 0 
1 120.585111 31.1373185 0 174.97 21269666.9961371 3448709.80470448 4 0 0 0 
1 120.585111 31.1373185 0 174.96 21269666.9961371 3448709.80470448 4 0 0 0 
1 120.585111 31.1373185 0 174.96 21269666.9961371 3448709.80470448 4 0 0 0 
1 120.585111 31.1373185 0 174.96 21269666.9961371 3448709.80470448 4 0 0 0 
1 120.585111 31.1373185 0 174.96 21269666.9961371 3448709.80470448 4 0 0 0 
1 120.585111 31.1373185 0 174.96 21269666.9961371 3448709.80470448 4 0 0 0 
1 120.585111 31.1373185 0 174.96 21269666.9961371 3448709.80470448 4 0 0 0 
1 120.585111 31.1373185 0 174.97 21269666.9961371 3448709.80470448 4 0 0 0 
1 120.585111 31.1373185 0 174.96 21269666.9961371 3448709.80470448 4 0 0 0 
1 120.585111 31.1373185 0 174.96 21269666.9961371 3448709.80470448 4 0 0 0 
1 120.585111 31.1373185 0 174.96 21269666.9961371 3448709.80470448 4 0 0 0 
1 120.585111 31.1373185 0 174.96 21269666.9961371 3448709.80470448 4 0 0 0 
1 120.585111 31.1373185 0 174.96 21269666.9961371 3448709.80470448 4 0 0 0 
1 120.585111 31.1373185 0 174.96 21269666.9961371 3448709.80470448 4 0 0 0 
1 120.585111 31.1373185 0 174.96 21269666.9961371 3448709.80470448 4 0 0 0 
1 120.585111 31.1373185 0 174.95 21269666.9961371 3448709.80470448 4 0 0 0 
1 120.585111 31.1373185 0 174.96 21269666.9961371 3448709.80470448 4 0 0 0 
1 120.585111 31.1373185 0 174.96 21269666.9961371 3448709.80470448 4 0 0 0 
1 120.585111 31.1373185 0 174.96 21269666.9961371 3448709.80470448 4 0 0 0 
1 120.585111 31.1373185 0 174.96 21269666.9961371 3448709.80470448 4 0 0 0 
1 120.585111 31.1373185 0 174.96 21269666.9961371 3448709.80470448 4 0 0 0 
1 120.585111 31.1373185 0 174.96 21269666.9961371 3448709.80470448 4 0 0 0 
1 120.585111 31.1373185 0 174.96 21269666.9961371 3448709.80470448 4 0 0 0 
1 120.585111 31.1373185 0 174.96 21269666.9961371 3448709.80470448 4 0 0 0 
1 120.585111 31.1373185 0 174.96 21269666.9961371 3448709.80470448 4 0 0 0 
1 120.585111 31.1373185 0 174.96 21269666.9961371 3448709.80470448 4 0 0 0 
1 120.585111 31.1373185 0 174.97 21269666.9961371 3448709.80470448 4 0 0 0 
1 120.585111 31.1373185 0 174.97 21269666.9961371 3448709.80470448 4 0 0 0 
1 120.585111 31.1373185 0 174.97 21269666.9961371 3448709.80470448 4 0 0 0 
1 120.585111 31.1373185 0 174.96 21269666.9961371 3448709.80470448 4 0 0 0 
1 120.585111 31.1373185 0 174.96 21269666.9961371 3448709.80470448 4 0 0 0 
1 120.585111 31.1373185 0 174.96 21269666.9961371 3448709.80470448 4 0 0 0 
1 120.585111 31.1373185 0 174.96 21269666.9961371 3448709.80470448 4 0 0 0 
1 120.585111 31.1373185 0 174.97 21269666.9961371 3448709.80470448 4 0 0 0 
1 120.585111 31.1373185 0 174.97 21269666.9961371 3448709.80470448 4 0 0 0 
1 120.585111 31.1373185 0 174.96 21269666.9961371 3448709.80470448 4 0 0 0 
1 120.585111 31.1373185 0 174.97 21269666.9961371 3448709.80470448 4 0 0 0 
1 120.585111 31.1373185 0 174.97 21269666.9961371 3448709.80470448 4 0 0 0 
1 120.585111 31.1373185 0 174.97 21269666.9961371 3448709.80470448 4 0 0 0 
1 120.585111 31.1373185 0 174.97 21269666.9961371 3448709.80470448 4 0 0 0 
1 120.585111 31.1373185 0 174.97 21269666.9961371 3448709.80470448 4 0 0 0 
1 120.585111 31.1373185 0 174.95 21269666.9961371 3448709.80470448 4 0 0 0 
1 120.585111 31.1373185 0 174.92 21269666.9961371 3448709.80470448 4 0 0 0 
1 120.585111 31.1373185 0 174.91 21269666.9961371 3448709.80470448 4 0 0 0 
1 120.585111 31.1373185 0 174.91 21269666.9961371 3448709.80470448 4 0 0 0 
1 120.585111 31.1373185 0 174.91 21269666.9961371 3448709.80470448 4 0 0 0 
1 120.585111 31.1373185 0 174.92 21269666.9961371 3448709.80470448 4 0 0 0 
1 120.585111 31.1373185 0 174.92 21269666.9961371 3448709.80470448 4 0 0 0 
1 120.585111 31.1373185 0 174.92 21269666.9961371 3448709.80470448 4 0 0 0 
1 120.585111 31.1373185 0 174.92 21269666.9961371 3448709.80470448 4 0 0 0 
1 120.585111 31.1373185 0 174.92 21269666.9961371 3448709.80470448 4 0 0 0 
1 120.585111 31.1373185 0 174.92 21269666.9961371 3448709.80470448 4 0 0 0 
1 120.585111 31.1373185 0 174.92 21269666.9961371 3448709.80470448 4 0 0 0 
1 120.585111 31.1373185 0 174.91 21269666.9961371 3448709.80470448 4 0 0 0 
1 120.585111 31.1373185 0 174.91 21269666.9961371 3448709.80470448 4 0 0 0 
1 120.585111 31.1373185 0 174.91 21269666.9961371 3448709.80470448 4 0 0 0 
1 120.585111 31.1373185 0 174.91 21269666.9961371 3448709.80470448 4 0 0 0 
1 120.585111 31.1373185 0 174.91 21269666.9961371 3448709.80470448 4 0 0 0 
1 120.585111 31.1373185 0 174.91 21269666.9961371 3448709.80470448 4 0 0 0 
1 120.585111 31.1373185 0 174.92 21269666.9961371 3448709.80470448 4 0 0 0 
1 120.585111 31.1373185 0 174.92 21269666.9961371 3448709.80470448 4 0 0 0 
1 120.585111 31.1373185 0 174.92 21269666.9961371 3448709.80470448 4 0 0 0 
1 120.585111 31.1373185 0 174.92 21269666.9961371 3448709.80470448 4 0 0 0 
1 120.585111 31.1373185 0 174.92 21269666.9961371 3448709.80470448 4 0 0 0 
1 120.585111 31.1373185 0 174.91 21269666.9961371 3448709.80470448 4 0 0 0 
1 120.585111 31.1373185 0 174.91 21269666.9961371 3448709.80470448 4 0 0 0 
1 120.585111 31.1373185 0 174.92 21269666.9961371 3448709.80470448 4 0 0 0 
1 120.585111 31.1373185 0 174.92 21269666.9961371 3448709.80470448 4 0 0 0 
