1 0 0 0 0 1165887.81204802 0 4 0 0 0 
1 120.5851934 31.1368093 0 355.88 21269673.6260485 3448653.15383318 4 0 0 0 
1 120.5851934 31.1368093 0 355.88 21269673.6260485 3448653.15383318 4 0 0 0 
1 120.5851934 31.1368093 0 355.88 21269673.6260485 3448653.15383318 4 0 0 0 
1 120.5851934 31.1368093 0 355.88 21269673.6260485 3448653.15383318 4 0 0 0 
1 120.5851934 31.1368093 0 355.88 21269673.6260485 3448653.15383318 4 0 0 0 
1 120.5851934 31.1368093 0 355.88 21269673.6260485 3448653.15383318 4 0 0 0 
1 120.5851934 31.1368093 0 355.88 21269673.6260485 3448653.15383318 4 0 0 0 
1 120.5851934 31.1368093 0 355.88 21269673.6260485 3448653.15383318 4 0 0 0 
1 120.5851934 31.1368093 0 355.88 21269673.6260485 3448653.15383318 4 0 0 0 
1 120.5851934 31.1368093 0 355.88 21269673.6260485 3448653.15383318 4 0 0 0 
1 120.5851934 31.1368093 0 355.88 21269673.6260485 3448653.15383318 4 0 0 0 
1 120.5851934 31.1368093 0 355.88 21269673.6260485 3448653.15383318 4 0 0 0 
1 120.5851934 31.1368093 0 355.88 21269673.6260485 3448653.15383318 4 0 0 0 
1 120.5851934 31.1368093 0 355.88 21269673.6260485 3448653.15383318 4 0 0 0 
1 120.5851934 31.1368093 0 355.88 21269673.6260485 3448653.15383318 4 0 0 0 
1 120.5851934 31.1368093 0 355.88 21269673.6260485 3448653.15383318 4 0 0 0 
1 120.5851934 31.1368093 0 355.88 21269673.6260485 3448653.15383318 4 0 0 0 
1 120.5851934 31.1368093 0 355.89 21269673.6260485 3448653.15383318 4 0 0 0 
1 120.5851934 31.1368093 0 355.89 21269673.6260485 3448653.15383318 4 0 0 0 
1 120.5851934 31.1368093 0 355.89 21269673.6260485 3448653.15383318 4 0 0 0 
1 120.5851934 31.1368093 0 355.89 21269673.6260485 3448653.15383318 4 0 0 0 
1 120.5851934 31.1368093 0 355.89 21269673.6260485 3448653.15383318 4 0 0 0 
1 120.5851934 31.1368093 0 355.89 21269673.6260485 3448653.15383318 4 0 0 0 
1 120.5851934 31.1368093 0 355.89 21269673.6260485 3448653.15383318 4 0 0 0 
1 120.5851934 31.1368093 0 355.89 21269673.6260485 3448653.15383318 4 0 0 0 
1 120.5851934 31.1368093 0 355.89 21269673.6260485 3448653.15383318 4 0 0 0 
1 120.5851934 31.1368093 0 355.89 21269673.6260485 3448653.15383318 4 0 0 0 
1 120.5851934 31.1368093 0 355.89 21269673.6260485 3448653.15383318 4 0 0 0 
1 120.5851934 31.1368093 0 355.89 21269673.6260485 3448653.15383318 4 0 0 0 
1 120.5851934 31.1368093 0 355.89 21269673.6260485 3448653.15383318 4 0 0 0 
1 120.5851934 31.1368093 0 355.89 21269673.6260485 3448653.15383318 4 0 0 0 
1 120.5851934 31.1368093 0 355.88 21269673.6260485 3448653.15383318 4 0 0 0 
1 120.5851934 31.1368093 0 355.88 21269673.6260485 3448653.15383318 4 0 0 0 
1 120.5851934 31.1368093 0 355.88 21269673.6260485 3448653.15383318 4 0 0 0 
1 120.5851934 31.1368093 0 355.88 21269673.6260485 3448653.15383318 4 0 0 0 
1 120.5851934 31.1368093 0 355.88 21269673.6260485 3448653.15383318 4 0 0 0 
1 120.5851934 31.1368093 0 355.88 21269673.6260485 3448653.15383318 4 0 0 0 
1 120.5851934 31.1368093 0 355.88 21269673.6260485 3448653.15383318 4 0 0 0 
1 120.5851934 31.1368093 0 355.89 21269673.6260485 3448653.15383318 4 0 0 0 
1 120.5851934 31.1368093 0 355.89 21269673.6260485 3448653.15383318 4 0 0 0 
1 120.5851934 31.1368093 0 355.89 21269673.6260485 3448653.15383318 4 0 0 0 
1 120.5851934 31.1368093 0 355.89 21269673.6260485 3448653.15383318 4 0 0 0 
1 120.5851934 31.1368093 0 355.89 21269673.6260485 3448653.15383318 4 0 0 0 
1 120.5851934 31.1368093 0 355.89 21269673.6260485 3448653.15383318 4 0 0 0 
1 120.5851934 31.1368093 0 355.89 21269673.6260485 3448653.15383318 4 0 0 0 
1 120.5851934 31.1368093 0 355.89 21269673.6260485 3448653.15383318 4 0 0 0 
1 120.5851934 31.1368093 0 355.88 21269673.6260485 3448653.15383318 4 0 0 0 
1 120.5851934 31.1368093 0 355.88 21269673.6260485 3448653.15383318 4 0 0 0 
1 120.5851934 31.1368094 0 355.89 21269673.6262903 3448653.16492498 4 0 0 0 
1 120.5851934 31.1368093 0 355.89 21269673.6260485 3448653.15383318 4 0 0 0 
1 120.5851934 31.1368093 0 355.89 21269673.6260485 3448653.15383318 4 0 0 0 
1 120.5851934 31.1368093 0 355.89 21269673.6260485 3448653.15383318 4 0 0 0 
1 120.5851934 31.1368093 0 355.89 21269673.6260485 3448653.15383318 4 0 0 0 
1 120.5851934 31.1368093 0 355.89 21269673.6260485 3448653.15383318 4 0 0 0 
1 120.5851934 31.1368093 0 355.89 21269673.6260485 3448653.15383318 4 0 0 0 
1 120.5851934 31.1368093 0 355.89 21269673.6260485 3448653.15383318 4 0 0 0 
1 120.5851934 31.1368093 0 355.89 21269673.6260485 3448653.15383318 4 0 0 0 
1 120.5851934 31.1368093 0 355.89 21269673.6260485 3448653.15383318 4 0 0 0 
1 120.5851934 31.1368093 0 355.89 21269673.6260485 3448653.15383318 4 0 0 0 
1 120.5851934 31.1368093 0 355.89 21269673.6260485 3448653.15383318 4 0 0 0 
1 120.5851934 31.1368093 0 355.89 21269673.6260485 3448653.15383318 4 0 0 0 
1 120.5851934 31.1368093 0 355.89 21269673.6260485 3448653.15383318 4 0 0 0 
1 120.5851934 31.1368093 0 355.89 21269673.6260485 3448653.15383318 4 0 0 0 
1 120.5851934 31.1368093 0 355.89 21269673.6260485 3448653.15383318 4 0 0 0 
1 120.5851934 31.1368093 0 355.89 21269673.6260485 3448653.15383318 4 0 0 0 
1 120.5851934 31.1368093 0 355.89 21269673.6260485 3448653.15383318 4 0 0 0 
1 120.5851934 31.1368094 0 355.89 21269673.6262903 3448653.16492498 4 0 0 0 
1 120.5851934 31.1368094 0 355.89 21269673.6262903 3448653.16492498 4 0 0 0 
1 120.5851934 31.1368094 0 355.89 21269673.6262903 3448653.16492498 4 0 0 0 
1 120.5851935 31.1368093 0 355.89 21269673.6355892 3448653.15362514 4 0 0 0 
1 120.5851934 31.1368093 0 355.89 21269673.6260485 3448653.15383318 4 0 0 0 
1 120.5851935 31.1368093 0 355.89 21269673.6355892 3448653.15362514 4 0 0 0 
1 120.5851935 31.1368093 0 355.89 21269673.6355892 3448653.15362514 4 0 0 0 
1 120.5851935 31.1368093 0 355.89 21269673.6355892 3448653.15362514 4 0 0 0 
1 120.5851935 31.1368093 0 355.89 21269673.6355892 3448653.15362514 4 0 0 0 
1 120.5851935 31.1368093 0 355.89 21269673.6355892 3448653.15362514 4 0 0 0 
1 120.5851935 31.1368093 0 355.89 21269673.6355892 3448653.15362514 4 0 0 0 
1 120.5851935 31.1368093 0 355.89 21269673.6355892 3448653.15362514 4 0 0 0 
1 120.5851935 31.1368093 0 355.89 21269673.6355892 3448653.15362514 4 0 0 0 
1 120.5851935 31.1368093 0 355.89 21269673.6355892 3448653.15362514 4 0 0 0 
1 120.5851935 31.1368094 0 355.89 21269673.6358311 3448653.16471694 4 0 0 0 
1 120.5851935 31.1368093 0 355.9 21269673.6355892 3448653.15362514 4 0 0 0 
1 120.5851935 31.1368094 0 355.91 21269673.6358311 3448653.16471694 4 0 0 0 
1 120.5851935 31.1368095 0 355.92 21269673.636073 3448653.17580873 4 0 0 0 
1 120.5851935 31.1368097 0 355.92 21269673.6365567 3448653.19799233 4 0 0 0 
1 120.5851934 31.13681 0 355.93 21269673.6277416 3448653.23147577 4 0 0 0 
1 120.5851934 31.1368103 0 355.93 21269673.6284672 3448653.26475116 4 0 0 0 
1 120.5851933 31.1368107 0 355.94 21269673.6198939 3448653.3093264 4 0 0 0 
1 120.5851933 31.1368111 0 355.96 21269673.6208614 3448653.35369359 4 0 0 0 
