1 120.5853749 31.1370725 0 265.57 21269691.5790374 3448681.9698518 4 0 0 0 
1 120.5853749 31.1370725 0 265.57 21269691.5790374 3448681.9698518 4 0 0 0 
1 120.5853749 31.1370725 0 265.57 21269691.5790374 3448681.9698518 4 0 0 0 
1 120.5853749 31.1370725 0 265.57 21269691.5790374 3448681.9698518 4 0 0 0 
1 120.5853749 31.1370725 0 265.57 21269691.5790374 3448681.9698518 4 0 0 0 
1 120.5853749 31.1370725 0 265.57 21269691.5790374 3448681.9698518 4 0 0 0 
1 120.5853749 31.1370725 0 265.57 21269691.5790374 3448681.9698518 4 0 0 0 
1 120.5853749 31.1370725 0 265.57 21269691.5790374 3448681.9698518 4 0 0 0 
1 120.5853749 31.1370725 0 265.57 21269691.5790374 3448681.9698518 4 0 0 0 
1 120.5853749 31.1370725 0 265.58 21269691.5790374 3448681.9698518 4 0 0 0 
1 120.5853749 31.1370725 0 265.58 21269691.5790374 3448681.9698518 4 0 0 0 
1 120.5853749 31.1370725 0 265.58 21269691.5790374 3448681.9698518 4 0 0 0 
1 120.5853749 31.1370725 0 265.58 21269691.5790374 3448681.9698518 4 0 0 0 
1 120.5853749 31.1370725 0 265.58 21269691.5790374 3448681.9698518 4 0 0 0 
1 120.5853749 31.1370725 0 265.58 21269691.5790374 3448681.9698518 4 0 0 0 
1 120.5853749 31.1370725 0 265.58 21269691.5790374 3448681.9698518 4 0 0 0 
1 120.5853749 31.1370725 0 265.58 21269691.5790374 3448681.9698518 4 0 0 0 
1 120.5853749 31.1370725 0 265.58 21269691.5790374 3448681.9698518 4 0 0 0 
1 120.5853749 31.1370725 0 265.57 21269691.5790374 3448681.9698518 4 0 0 0 
1 120.5853749 31.1370725 0 265.57 21269691.5790374 3448681.9698518 4 0 0 0 
1 120.5853749 31.1370725 0 265.57 21269691.5790374 3448681.9698518 4 0 0 0 
1 120.5853749 31.1370725 0 265.57 21269691.5790374 3448681.9698518 4 0 0 0 
1 120.5853749 31.1370725 0 265.57 21269691.5790374 3448681.9698518 4 0 0 0 
1 120.5853749 31.1370725 0 265.57 21269691.5790374 3448681.9698518 4 0 0 0 
1 120.5853749 31.1370725 0 265.57 21269691.5790374 3448681.9698518 4 0 0 0 
1 120.5853749 31.1370725 0 265.57 21269691.5790374 3448681.9698518 4 0 0 0 
1 120.5853749 31.1370725 0 265.57 21269691.5790374 3448681.9698518 4 0 0 0 
1 120.5853749 31.1370725 0 265.57 21269691.5790374 3448681.9698518 4 0 0 0 
1 120.5853749 31.1370725 0 265.57 21269691.5790374 3448681.9698518 4 0 0 0 
1 120.5853749 31.1370725 0 265.57 21269691.5790374 3448681.9698518 4 0 0 0 
1 120.5853749 31.1370725 0 265.57 21269691.5790374 3448681.9698518 4 0 0 0 
1 120.5853749 31.1370725 0 265.57 21269691.5790374 3448681.9698518 4 0 0 0 
1 120.5853749 31.1370725 0 265.58 21269691.5790374 3448681.9698518 4 0 0 0 
1 120.5853749 31.1370725 0 265.58 21269691.5790374 3448681.9698518 4 0 0 0 
1 120.5853749 31.1370725 0 265.57 21269691.5790374 3448681.9698518 4 0 0 0 
1 120.5853749 31.1370725 0 265.57 21269691.5790374 3448681.9698518 4 0 0 0 
1 120.5853749 31.1370725 0 265.57 21269691.5790374 3448681.9698518 4 0 0 0 
1 120.5853749 31.1370725 0 265.57 21269691.5790374 3448681.9698518 4 0 0 0 
1 120.5853749 31.1370725 0 265.57 21269691.5790374 3448681.9698518 4 0 0 0 
1 120.5853749 31.1370725 0 265.57 21269691.5790374 3448681.9698518 4 0 0 0 
1 120.5853749 31.1370725 0 265.57 21269691.5790374 3448681.9698518 4 0 0 0 
1 120.5853749 31.1370725 0 265.57 21269691.5790374 3448681.9698518 4 0 0 0 
1 120.5853749 31.1370725 0 265.57 21269691.5790374 3448681.9698518 4 0 0 0 
